<?xml version="1.0" encoding="utf-8"?>
<COLLADA xmlns="http://www.collada.org/2005/11/COLLADASchema" version="1.4.1">
  <asset><contributor><author></author><authoring_tool>FBX COLLADA exporter</authoring_tool><comments></comments></contributor><created>2015-05-01T22:32:48Z</created><keywords></keywords><modified>2015-05-01T22:32:48Z</modified><revision></revision><subject></subject><title></title><unit meter="1.000000" name="centimeter"></unit><up_axis>Y_UP</up_axis></asset>
  <library_animations>
    <animation id="DroidControl-anim" name="DroidControl"><animation><source id="DroidControl-Matrix-animation-input"><float_array id="DroidControl-Matrix-animation-input-array" count="0">
</float_array><technique_common><accessor source="#DroidControl-Matrix-animation-input-array" count="0"><param name="TIME" type="float"/></accessor></technique_common></source><source id="DroidControl-Matrix-animation-output-transform"><float_array id="DroidControl-Matrix-animation-output-transform-array" count="0">
</float_array><technique_common><accessor source="#DroidControl-Matrix-animation-output-transform-array" count="0" stride="16"><param type="float4x4"/></accessor></technique_common></source><source id="DroidControl-Interpolations"><Name_array id="DroidControl-Interpolations-array" count="0">
</Name_array><technique_common><accessor source="#DroidControl-Interpolations-array" count="0"><param type="name"/></accessor></technique_common></source><sampler id="DroidControl-Matrix-animation-transform"><input semantic="INPUT" source="#DroidControl-Matrix-animation-input"/><input semantic="OUTPUT" source="#DroidControl-Matrix-animation-output-transform"/><input semantic="INTERPOLATION" source="#DroidControl-Interpolations"/></sampler><channel source="#DroidControl-Matrix-animation-transform" target="DroidControl/matrix"/></animation></animation>
    <animation id="Pelvis-anim" name="Pelvis"><animation><source id="Pelvis-Matrix-animation-input"><float_array id="Pelvis-Matrix-animation-input-array" count="101">

0.000000 0.033333 0.066667 0.100000 0.133333 0.166667 0.200000 0.233333 0.266667 0.300000 0.333333 0.366667 0.400000 0.433333 0.466667 0.500000
0.533333 0.566667 0.600000 0.633333 0.666667 0.700000 0.733333 0.766667 0.800000 0.833333 0.866667 0.900000 0.933333 0.966667 1.000000 1.033333
1.066667 1.100000 1.133333 1.166667 1.200000 1.233333 1.266667 1.300000 1.333333 1.366667 1.400000 1.433333 1.466667 1.500000 1.533333 1.566667
1.600000 1.633333 1.666667 1.700000 1.733333 1.766667 1.800000 1.833333 1.866667 1.900000 1.933333 1.966667 2.000000 2.033333 2.066667 2.100000
2.133333 2.166667 2.200000 2.233333 2.266667 2.300000 2.333333 2.366667 2.400000 2.433333 2.466667 2.500000 2.533333 2.566667 2.600000 2.633333
2.666667 2.700000 2.733333 2.766667 2.800000 2.833333 2.866667 2.900000 2.933333 2.966667 3.000000 3.033333 3.066667 3.100000 3.133333 3.166667
3.200000 3.233333 3.266667 3.300000 3.333333</float_array><technique_common><accessor source="#Pelvis-Matrix-animation-input-array" count="101"><param name="TIME" type="float"/></accessor></technique_common></source><source id="Pelvis-Matrix-animation-output-transform"><float_array id="Pelvis-Matrix-animation-output-transform-array" count="1616">

0.000000 -0.000000 1.000000 -0.000000 1.000000 0.000000 -0.000000 72.557053 0.000000 1.000000 0.000000 1.670779 0.000000 0.000000 0.000000 1.000000
0.000000 -0.003456 0.999994 0.011759 1.000000 0.000000 -0.000000 72.549683 0.000000 0.999994 0.003456 1.670779 0.000000 0.000000 0.000000 1.000000
-0.000030 -0.013473 0.999909 0.046239 0.999997 0.002568 0.000064 72.528061 -0.002568 0.999906 0.013473 1.670779 0.000000 0.000000 0.000000 1.000000
-0.000142 -0.029523 0.999564 0.102245 0.999984 0.005620 0.000308 72.492950 -0.005627 0.999548 0.029522 1.670779 0.000000 0.000000 0.000000 1.000000
-0.000425 -0.051072 0.998695 0.178579 0.999953 0.009695 0.000922 72.445099 -0.009730 0.998648 0.051066 1.670779 0.000000 0.000000 0.000000 1.000000
-0.000982 -0.077574 0.996986 0.274048 0.999890 0.014646 0.002124 72.385246 -0.014767 0.996879 0.077551 1.670779 0.000000 0.000000 0.000000 1.000000
-0.001921 -0.108465 0.994098 0.387454 0.999786 0.020291 0.004146 72.314148 -0.020621 0.993893 0.108402 1.670779 0.000000 0.000000 0.000000 1.000000
-0.003352 -0.143161 0.989694 0.517601 0.999625 0.026405 0.007206 72.232559 -0.027164 0.989347 0.143019 1.670779 0.000000 0.000000 0.000000 1.000000
-0.005374 -0.181058 0.983458 0.663295 0.999398 0.032722 0.011486 72.141220 -0.034260 0.982928 0.180774 1.670779 0.000000 0.000000 0.000000 1.000000
-0.008069 -0.221531 0.975120 0.823339 0.999095 0.038941 0.017115 72.040886 -0.041764 0.974375 0.221016 1.670779 0.000000 0.000000 0.000000 1.000000
-0.011499 -0.263937 0.964471 0.996537 0.998707 0.044738 0.024150 71.932304 -0.049522 0.963502 0.263082 1.670779 0.000000 0.000000 0.000000 1.000000
-0.015697 -0.307625 0.951378 1.181694 0.998229 0.049784 0.032567 71.816231 -0.057382 0.950204 0.306299 1.670779 0.000000 0.000000 0.000000 1.000000
-0.020666 -0.351938 0.935795 1.377613 0.997659 0.053769 0.042254 71.693405 -0.065188 0.934478 0.350003 1.670779 0.000000 0.000000 0.000000 1.000000
-0.026378 -0.396230 0.917772 1.583099 0.996998 0.056426 0.053016 71.564583 -0.072792 0.916416 0.393553 1.670779 0.000000 0.000000 0.000000 1.000000
-0.032772 -0.439875 0.897461 1.796956 0.996251 0.057550 0.064587 71.430511 -0.080059 0.896213 0.436340 1.670779 0.000000 0.000000 0.000000 1.000000
-0.039755 -0.482278 0.875116 2.017988 0.995426 0.057025 0.076647 71.291939 -0.086868 0.874160 0.477805 1.670779 0.000000 0.000000 0.000000 1.000000
-0.047205 -0.522892 0.851091 2.244999 0.994535 0.054827 0.088846 71.149620 -0.093120 0.850634 0.517446 1.670779 0.000000 0.000000 0.000000 1.000000
-0.054977 -0.561227 0.825834 2.476794 0.993594 0.051040 0.100831 71.004303 -0.098739 0.826087 0.554826 1.670779 0.000000 0.000000 0.000000 1.000000
-0.062902 -0.596861 0.799875 2.712176 0.992620 0.045845 0.112269 70.856743 -0.103680 0.801034 0.589572 1.670779 0.000000 0.000000 0.000000 1.000000
-0.070798 -0.629443 0.773814 2.949949 0.991636 0.039517 0.122871 70.707672 -0.107919 0.776041 0.621381 1.670779 0.000000 0.000000 0.000000 1.000000
-0.078471 -0.658700 0.748302 3.188919 0.990665 0.032403 0.132410 70.557861 -0.111466 0.751708 0.650008 1.670779 0.000000 0.000000 0.000000 1.000000
-0.085724 -0.684425 0.724026 3.427888 0.989735 0.024906 0.140727 70.408051 -0.114350 0.728657 0.675265 1.670779 0.000000 0.000000 0.000000 1.000000
-0.092357 -0.706474 0.701687 3.665663 0.988873 0.017459 0.147734 70.258980 -0.116621 0.707524 0.697001 1.670779 0.000000 0.000000 0.000000 1.000000
-0.098175 -0.724745 0.681988 3.901045 0.988107 0.010506 0.153406 70.111420 -0.118345 0.688938 0.715094 1.670779 0.000000 0.000000 0.000000 1.000000
-0.102990 -0.739159 0.665610 4.132839 0.987467 0.004477 0.157762 69.966103 -0.119592 0.673516 0.729434 1.670779 0.000000 0.000000 0.000000 1.000000
-0.106624 -0.749636 0.653205 4.359850 0.986979 -0.000227 0.160847 69.823784 -0.120428 0.661850 0.739899 1.670779 0.000000 0.000000 0.000000 1.000000
-0.108913 -0.756062 0.645375 4.580882 0.986670 -0.003253 0.162698 69.685211 -0.120911 0.654492 0.746338 1.670779 0.000000 0.000000 0.000000 1.000000
-0.109706 -0.758259 0.642657 4.794739 0.986563 -0.004313 0.163324 69.551140 -0.121070 0.651940 0.748543 1.670779 0.000000 0.000000 0.000000 1.000000
-0.109706 -0.758259 0.642657 5.000225 0.986563 -0.004313 0.163324 69.422318 -0.121070 0.651940 0.748543 1.670779 0.000000 0.000000 0.000000 1.000000
-0.109706 -0.758259 0.642657 5.196145 0.986563 -0.004313 0.163324 69.299492 -0.121070 0.651940 0.748543 1.670779 0.000000 0.000000 0.000000 1.000000
-0.109706 -0.758259 0.642657 5.381301 0.986563 -0.004313 0.163324 69.183418 -0.121070 0.651940 0.748543 1.670779 0.000000 0.000000 0.000000 1.000000
-0.109706 -0.758259 0.642657 5.554499 0.986563 -0.004313 0.163324 69.074837 -0.121070 0.651940 0.748543 1.670779 0.000000 0.000000 0.000000 1.000000
-0.109706 -0.758259 0.642657 5.714543 0.986563 -0.004313 0.163324 68.974503 -0.121070 0.651940 0.748543 1.670779 0.000000 0.000000 0.000000 1.000000
-0.109706 -0.758259 0.642657 5.860237 0.986563 -0.004313 0.163324 68.883163 -0.121070 0.651940 0.748543 1.670779 0.000000 0.000000 0.000000 1.000000
-0.109706 -0.758259 0.642657 5.990385 0.986563 -0.004313 0.163324 68.801575 -0.121070 0.651940 0.748543 1.670779 0.000000 0.000000 0.000000 1.000000
-0.109706 -0.758259 0.642657 6.103790 0.986563 -0.004313 0.163324 68.730476 -0.121070 0.651940 0.748543 1.670779 0.000000 0.000000 0.000000 1.000000
-0.109706 -0.758259 0.642657 6.199259 0.986563 -0.004313 0.163324 68.670624 -0.121070 0.651940 0.748543 1.670779 0.000000 0.000000 0.000000 1.000000
-0.109706 -0.758259 0.642657 6.275593 0.986563 -0.004313 0.163324 68.622772 -0.121070 0.651940 0.748543 1.670779 0.000000 0.000000 0.000000 1.000000
-0.109706 -0.758259 0.642657 6.331599 0.986563 -0.004313 0.163324 68.587662 -0.121070 0.651940 0.748543 1.670779 0.000000 0.000000 0.000000 1.000000
-0.109706 -0.758259 0.642657 6.366079 0.986563 -0.004313 0.163324 68.566040 -0.121070 0.651940 0.748543 1.670779 0.000000 0.000000 0.000000 1.000000
-0.109706 -0.758259 0.642657 6.377838 0.986563 -0.004313 0.163324 68.558670 -0.121070 0.651940 0.748543 1.670779 0.000000 0.000000 0.000000 1.000000
-0.109255 -0.754377 0.647286 6.374730 0.986598 -0.002905 0.163141 68.696022 -0.121189 0.656436 0.744584 1.681256 0.000000 0.000000 0.000000 1.000000
-0.107944 -0.742922 0.660617 6.364584 0.986701 0.001169 0.162540 69.068832 -0.121527 0.669377 0.732916 1.711864 0.000000 0.000000 0.000000 1.000000
-0.105836 -0.723990 0.681643 6.346170 0.986866 0.007658 0.161360 69.618240 -0.122043 0.689768 0.713670 1.761364 0.000000 0.000000 0.000000 1.000000
-0.102996 -0.697492 0.709152 6.318259 0.987086 0.016266 0.159361 70.285370 -0.122688 0.716408 0.686809 1.828520 0.000000 0.000000 0.000000 1.000000
-0.099491 -0.663249 0.741757 6.279620 0.987357 0.026646 0.156259 71.011368 -0.123403 0.747925 0.652212 1.912096 0.000000 0.000000 0.000000 1.000000
-0.095391 -0.621076 0.777924 6.229022 0.987670 0.038397 0.151766 71.737373 -0.124128 0.782809 0.609756 2.010853 0.000000 0.000000 0.000000 1.000000
-0.090768 -0.570871 0.816007 6.165235 0.988021 0.051062 0.145624 72.404503 -0.124800 0.819450 0.559398 2.123555 0.000000 0.000000 0.000000 1.000000
-0.085697 -0.512680 0.854292 6.087029 0.988403 0.064139 0.137641 72.953911 -0.125359 0.856180 0.501239 2.248965 0.000000 0.000000 0.000000 1.000000
-0.080256 -0.446758 0.891048 5.993175 0.988810 0.077094 0.127715 73.326721 -0.125753 0.891327 0.435572 2.385845 0.000000 0.000000 0.000000 1.000000
-0.074526 -0.373607 0.924589 5.882440 0.989235 0.089389 0.115857 73.464073 -0.125933 0.923270 0.362923 2.532960 0.000000 0.000000 0.000000 1.000000
-0.068588 -0.293993 0.953343 5.761119 0.989674 0.100506 0.102196 73.449295 -0.125862 0.950508 0.284064 2.690568 0.000000 0.000000 0.000000 1.000000
-0.062524 -0.208950 0.975926 5.636463 0.990120 0.109985 0.086981 73.406097 -0.125512 0.971722 0.200009 2.859138 0.000000 0.000000 0.000000 1.000000
-0.056413 -0.119746 0.991201 5.508676 0.990568 0.117452 0.070567 73.336220 -0.124868 0.985833 0.111990 3.037742 0.000000 0.000000 0.000000 1.000000
-0.050335 -0.027841 0.998344 5.377964 0.991014 0.122641 0.053385 73.241364 -0.123925 0.992060 0.021417 3.225452 0.000000 0.000000 0.000000 1.000000
-0.044361 0.065176 0.996887 5.244533 0.991453 0.125421 0.035920 73.123268 -0.122689 0.989960 -0.070183 3.421343 0.000000 0.000000 0.000000 1.000000
-0.038561 0.157660 0.986740 5.108588 0.991881 0.125790 0.018663 72.983643 -0.121180 0.979449 -0.161231 3.624485 0.000000 0.000000 0.000000 1.000000
-0.032996 0.247993 0.968200 4.970335 0.992295 0.123882 0.002086 72.824219 -0.119426 0.960808 -0.250170 3.833953 0.000000 0.000000 0.000000 1.000000
-0.027718 0.334659 0.941932 4.829979 0.992690 0.119943 -0.013403 72.646713 -0.117464 0.934675 -0.335537 4.048820 0.000000 0.000000 0.000000 1.000000
-0.022774 0.416314 0.908936 4.687726 0.993065 0.114311 -0.027475 72.452843 -0.115340 0.902007 -0.416030 4.268156 0.000000 0.000000 0.000000 1.000000
-0.018199 0.491843 0.870494 4.543781 0.993416 0.107385 -0.039905 72.244339 -0.113105 0.864037 -0.490559 4.491036 0.000000 0.000000 0.000000 1.000000
-0.014021 0.560396 0.828106 4.398350 0.993742 0.099595 -0.050572 72.022926 -0.110815 0.822215 -0.558285 4.716533 0.000000 0.000000 0.000000 1.000000
-0.010260 0.621403 0.783424 4.251639 0.994040 0.091372 -0.059457 71.790314 -0.108529 0.778145 -0.618637 4.943719 0.000000 0.000000 0.000000 1.000000
-0.006928 0.674571 0.738178 4.103853 0.994309 0.083125 -0.066630 71.548233 -0.106307 0.733515 -0.671308 5.171667 0.000000 0.000000 0.000000 1.000000
-0.004031 0.719854 0.694114 3.955197 0.994547 0.075221 -0.072234 71.298409 -0.104209 0.690038 -0.716232 5.399449 0.000000 0.000000 0.000000 1.000000
-0.001572 0.757407 0.652941 3.805876 0.994753 0.067977 -0.076457 71.042549 -0.102294 0.649395 -0.753540 5.626140 0.000000 0.000000 0.000000 1.000000
0.000450 0.787525 0.616282 3.656098 0.994925 0.061657 -0.079515 70.782387 -0.100618 0.613190 -0.783501 5.850810 0.000000 0.000000 0.000000 1.000000
0.002034 0.810568 0.585641 3.506067 0.995062 0.056475 -0.081622 70.519646 -0.099234 0.582915 -0.806450 6.072534 0.000000 0.000000 0.000000 1.000000
0.003180 0.826873 0.562380 3.355988 0.995162 0.052605 -0.082974 70.256035 -0.098193 0.559924 -0.822705 6.290383 0.000000 0.000000 0.000000 1.000000
0.003880 0.836668 0.547697 3.206067 0.995224 0.050192 -0.083724 69.993294 -0.097539 0.545406 -0.832477 6.503431 0.000000 0.000000 0.000000 1.000000
0.004119 0.839974 0.542611 3.056509 0.995245 0.049361 -0.083966 69.733131 -0.097313 0.540376 -0.835777 6.710751 0.000000 0.000000 0.000000 1.000000
0.004119 0.839974 0.542611 2.907521 0.995245 0.049361 -0.083966 69.477272 -0.097313 0.540376 -0.835777 6.911415 0.000000 0.000000 0.000000 1.000000
0.004119 0.839974 0.542611 2.759308 0.995245 0.049361 -0.083966 69.227448 -0.097313 0.540376 -0.835777 7.104496 0.000000 0.000000 0.000000 1.000000
0.004119 0.839974 0.542611 2.612074 0.995245 0.049361 -0.083966 68.985367 -0.097313 0.540376 -0.835777 7.289067 0.000000 0.000000 0.000000 1.000000
0.004119 0.839974 0.542611 2.466027 0.995245 0.049361 -0.083966 68.752754 -0.097313 0.540376 -0.835777 7.464201 0.000000 0.000000 0.000000 1.000000
0.004119 0.839974 0.542611 2.321370 0.995245 0.049361 -0.083966 68.531342 -0.097313 0.540376 -0.835777 7.628970 0.000000 0.000000 0.000000 1.000000
0.004119 0.839974 0.542611 2.178310 0.995245 0.049361 -0.083966 68.322838 -0.097313 0.540376 -0.835777 7.782447 0.000000 0.000000 0.000000 1.000000
0.004119 0.839974 0.542611 2.037053 0.995245 0.049361 -0.083966 68.128967 -0.097313 0.540376 -0.835777 7.923706 0.000000 0.000000 0.000000 1.000000
0.004119 0.839974 0.542611 1.897803 0.995245 0.049361 -0.083966 67.951462 -0.097313 0.540376 -0.835777 8.051819 0.000000 0.000000 0.000000 1.000000
0.004119 0.839974 0.542611 1.760767 0.995245 0.049361 -0.083966 67.792038 -0.097313 0.540376 -0.835777 8.165857 0.000000 0.000000 0.000000 1.000000
0.004119 0.839974 0.542611 1.626149 0.995245 0.049361 -0.083966 67.652412 -0.097313 0.540376 -0.835777 8.264895 0.000000 0.000000 0.000000 1.000000
0.004119 0.839974 0.542611 1.494156 0.995245 0.049361 -0.083966 67.534317 -0.097313 0.540376 -0.835777 8.348006 0.000000 0.000000 0.000000 1.000000
0.004119 0.839974 0.542611 1.364993 0.995245 0.049361 -0.083966 67.439461 -0.097313 0.540376 -0.835777 8.414262 0.000000 0.000000 0.000000 1.000000
0.004119 0.839974 0.542611 1.238865 0.995245 0.049361 -0.083966 67.369583 -0.097313 0.540376 -0.835777 8.462735 0.000000 0.000000 0.000000 1.000000
0.004119 0.839974 0.542611 1.115978 0.995245 0.049361 -0.083966 67.326385 -0.097313 0.540376 -0.835777 8.492499 0.000000 0.000000 0.000000 1.000000
0.004119 0.839974 0.542611 0.996537 0.995245 0.049361 -0.083966 67.311607 -0.097313 0.540376 -0.835777 8.502626 0.000000 0.000000 0.000000 1.000000
0.004014 0.833010 0.553243 0.881355 0.995366 0.049828 -0.082247 67.378441 -0.096080 0.551010 -0.828949 8.415584 0.000000 0.000000 0.000000 1.000000
0.003729 0.812695 0.582678 0.771378 0.995696 0.050943 -0.077425 67.566498 -0.092606 0.580458 -0.809007 8.170650 0.000000 0.000000 0.000000 1.000000
0.003308 0.779265 0.626685 0.667012 0.996182 0.052102 -0.070045 67.857132 -0.087235 0.624525 -0.776118 7.792114 0.000000 0.000000 0.000000 1.000000
0.002802 0.732690 0.680556 0.568661 0.996766 0.052608 -0.060742 68.231697 -0.080308 0.678526 -0.730174 7.304270 0.000000 0.000000 0.000000 1.000000
0.002262 0.673278 0.739386 0.476734 0.997390 0.051839 -0.050255 68.671539 -0.072165 0.737570 -0.671404 6.731407 0.000000 0.000000 0.000000 1.000000
0.001731 0.602110 0.798412 0.391635 0.998003 0.049379 -0.039403 69.158005 -0.063150 0.796885 -0.600822 6.097816 0.000000 0.000000 0.000000 1.000000
0.001247 0.521267 0.853392 0.313770 0.998561 0.045100 -0.029007 69.672447 -0.053608 0.852201 -0.520461 5.427789 0.000000 0.000000 0.000000 1.000000
0.000836 0.433852 0.900984 0.243545 0.999036 0.039178 -0.019792 70.196213 -0.043885 0.900132 -0.433401 4.745616 0.000000 0.000000 0.000000 1.000000
0.000511 0.343808 0.939040 0.181367 0.999410 0.032061 -0.012282 70.710655 -0.034329 0.938492 -0.343589 4.075589 0.000000 0.000000 0.000000 1.000000
0.000277 0.255628 0.966775 0.127641 0.999680 0.024377 -0.006732 71.197121 -0.025288 0.966468 -0.255540 3.441998 0.000000 0.000000 0.000000 1.000000
0.000127 0.174000 0.984746 0.082772 0.999854 0.016828 -0.003102 71.636963 -0.017111 0.984602 -0.173973 2.869135 0.000000 0.000000 0.000000 1.000000
0.000045 0.103507 0.994629 0.047168 0.999949 0.010087 -0.001095 72.011528 -0.010146 0.994578 -0.103501 2.381290 0.000000 0.000000 0.000000 1.000000
0.000010 0.048430 0.998827 0.021234 0.999989 0.004735 -0.000239 72.302162 -0.004741 0.998815 -0.048429 2.002756 0.000000 0.000000 0.000000 1.000000
0.000000 0.012703 0.999919 0.005376 1.000000 -0.000000 -0.000000 72.490219 0.000000 0.999919 -0.012703 1.757822 0.000000 0.000000 0.000000 1.000000
0.000000 -0.000000 1.000000 -0.000000 1.000000 -0.000000 -0.000000 72.557053 0.000000 1.000000 0.000000 1.670779 0.000000 0.000000 0.000000 1.000000</float_array><technique_common><accessor source="#Pelvis-Matrix-animation-output-transform-array" count="101" stride="16"><param type="float4x4"/></accessor></technique_common></source><source id="Pelvis-Interpolations"><Name_array id="Pelvis-Interpolations-array" count="101">
 LINEAR LINEAR LINEAR LINEAR LINEAR LINEAR LINEAR LINEAR LINEAR LINEAR LINEAR
LINEAR LINEAR LINEAR LINEAR LINEAR LINEAR LINEAR LINEAR LINEAR LINEAR LINEAR LINEAR
LINEAR LINEAR LINEAR LINEAR LINEAR LINEAR LINEAR LINEAR LINEAR LINEAR LINEAR LINEAR
LINEAR LINEAR LINEAR LINEAR LINEAR LINEAR LINEAR LINEAR LINEAR LINEAR LINEAR LINEAR
LINEAR LINEAR LINEAR LINEAR LINEAR LINEAR LINEAR LINEAR LINEAR LINEAR LINEAR LINEAR
LINEAR LINEAR LINEAR LINEAR LINEAR LINEAR LINEAR LINEAR LINEAR LINEAR LINEAR LINEAR
LINEAR LINEAR LINEAR LINEAR LINEAR LINEAR LINEAR LINEAR LINEAR LINEAR LINEAR LINEAR
LINEAR LINEAR LINEAR LINEAR LINEAR LINEAR LINEAR LINEAR LINEAR LINEAR LINEAR LINEAR
LINEAR LINEAR LINEAR LINEAR LINEAR LINEAR</Name_array><technique_common><accessor source="#Pelvis-Interpolations-array" count="101"><param type="name"/></accessor></technique_common></source><sampler id="Pelvis-Matrix-animation-transform"><input semantic="INPUT" source="#Pelvis-Matrix-animation-input"/><input semantic="OUTPUT" source="#Pelvis-Matrix-animation-output-transform"/><input semantic="INTERPOLATION" source="#Pelvis-Interpolations"/></sampler><channel source="#Pelvis-Matrix-animation-transform" target="Pelvis/matrix"/></animation></animation>
    <animation id="LLeg1-anim" name="LLeg1"><animation><source id="LLeg1-Matrix-animation-input"><float_array id="LLeg1-Matrix-animation-input-array" count="101">

0.000000 0.033333 0.066667 0.100000 0.133333 0.166667 0.200000 0.233333 0.266667 0.300000 0.333333 0.366667 0.400000 0.433333 0.466667 0.500000
0.533333 0.566667 0.600000 0.633333 0.666667 0.700000 0.733333 0.766667 0.800000 0.833333 0.866667 0.900000 0.933333 0.966667 1.000000 1.033333
1.066667 1.100000 1.133333 1.166667 1.200000 1.233333 1.266667 1.300000 1.333333 1.366667 1.400000 1.433333 1.466667 1.500000 1.533333 1.566667
1.600000 1.633333 1.666667 1.700000 1.733333 1.766667 1.800000 1.833333 1.866667 1.900000 1.933333 1.966667 2.000000 2.033333 2.066667 2.100000
2.133333 2.166667 2.200000 2.233333 2.266667 2.300000 2.333333 2.366667 2.400000 2.433333 2.466667 2.500000 2.533333 2.566667 2.600000 2.633333
2.666667 2.700000 2.733333 2.766667 2.800000 2.833333 2.866667 2.900000 2.933333 2.966667 3.000000 3.033333 3.066667 3.100000 3.133333 3.166667
3.200000 3.233333 3.266667 3.300000 3.333333</float_array><technique_common><accessor source="#LLeg1-Matrix-animation-input-array" count="101"><param name="TIME" type="float"/></accessor></technique_common></source><source id="LLeg1-Matrix-animation-output-transform"><float_array id="LLeg1-Matrix-animation-output-transform-array" count="1616">

-0.984707 0.169572 -0.039970 0.000000 0.170062 0.985391 -0.009190 -0.000000 0.037828 -0.015847 -0.999158 7.451146 0.000000 0.000000 0.000000 1.000000
-0.984814 0.169017 -0.039675 0.000000 0.169452 0.985508 -0.007851 -0.000000 0.037773 -0.014455 -0.999182 7.451146 0.000000 0.000000 0.000000 1.000000
-0.985125 0.167391 -0.038840 0.000008 0.167667 0.985836 -0.003924 -0.000000 0.037633 -0.010378 -0.999238 7.451145 0.000000 0.000000 0.000000 1.000000
-0.985632 0.164722 -0.037350 -0.000000 0.164746 0.986333 0.002468 -0.000000 0.037246 -0.003721 -0.999299 7.451145 0.000000 0.000000 0.000000 1.000000
-0.986329 0.161001 -0.035108 0.000000 0.160702 0.986940 0.011206 -0.000000 0.036454 0.005411 -0.999321 7.451145 0.000000 0.000000 0.000000 1.000000
-0.987204 0.156228 -0.031960 -0.000000 0.155569 0.987576 0.022177 -0.000000 0.035028 0.016921 -0.999243 7.451145 0.000000 0.000000 0.000000 1.000000
-0.988232 0.150420 -0.027761 0.000000 0.149416 0.988145 0.035272 0.000000 0.032737 0.030709 -0.998992 7.451145 0.000000 0.000000 0.000000 1.000000
-0.989377 0.143641 -0.022376 0.000000 0.142378 0.988530 0.050384 -0.000000 0.029357 0.046663 -0.998479 7.451144 0.000000 0.000000 0.000000 1.000000
-0.990582 0.136016 -0.015700 0.000000 0.134675 0.988595 0.067403 -0.000001 0.024689 0.064654 -0.997602 7.451146 0.000000 0.000000 0.000000 1.000000
-0.991780 0.127722 -0.007673 0.000000 0.126594 0.988202 0.086209 -0.000001 0.018593 0.084529 -0.996247 7.451145 0.000000 0.000000 0.000000 1.000000
-0.992893 0.118999 0.001711 0.000008 0.118501 0.987207 0.106674 0.000000 0.011005 0.106118 -0.994293 7.451146 0.000000 0.000000 0.000000 1.000000
-0.993839 0.110133 0.012393 -0.000008 0.110811 0.985480 0.128645 -0.000000 0.001955 0.129226 -0.991613 7.451145 0.000000 0.000000 0.000000 1.000000
-0.994546 0.101439 0.024254 0.000000 0.103957 0.982906 0.151953 -0.000000 -0.008426 0.153646 -0.988090 7.451145 0.000000 0.000000 0.000000 1.000000
-0.994950 0.093256 0.037115 0.000000 0.098377 0.979391 0.176399 0.000001 -0.019900 0.179160 -0.983619 7.451145 0.000000 0.000000 0.000000 1.000000
-0.995010 0.085903 0.050741 0.000000 0.094453 0.974869 0.201768 -0.000000 -0.032133 0.205554 -0.978118 7.451146 0.000000 0.000000 0.000000 1.000000
-0.994708 0.079682 0.064861 0.000000 0.092502 0.969298 0.227826 -0.000000 -0.044716 0.232621 -0.971539 7.451146 0.000000 0.000000 0.000000 1.000000
-0.994048 0.074830 0.079175 -0.000000 0.092725 0.962662 0.254333 0.000000 -0.057187 0.260160 -0.963870 7.451146 0.000000 0.000000 0.000000 1.000000
-0.993059 0.071522 0.093369 0.000000 0.095202 0.954960 0.281049 -0.000000 -0.069062 0.287987 -0.955141 7.451145 0.000000 0.000000 0.000000 1.000000
-0.991789 0.069840 0.107132 -0.000008 0.099873 0.946212 0.307749 -0.000001 -0.079876 0.315922 -0.945417 7.451144 0.000000 0.000000 0.000000 1.000000
-0.990299 0.069767 0.120166 -0.000000 0.106530 0.936452 0.334229 -0.000000 -0.089212 0.343788 -0.934800 7.451145 0.000000 0.000000 0.000000 1.000000
-0.988663 0.071190 0.132197 0.000008 0.114837 0.925736 0.360313 -0.000001 -0.096728 0.371410 -0.923416 7.451144 0.000000 0.000000 0.000000 1.000000
-0.986963 0.073913 0.142971 -0.000008 0.124354 0.914140 0.385855 -0.000000 -0.102176 0.398603 -0.911414 7.451145 0.000000 0.000000 0.000000 1.000000
-0.985283 0.077663 0.152267 0.000000 0.134556 0.901771 0.410735 -0.000001 -0.105411 0.425179 -0.898950 7.451143 0.000000 0.000000 0.000000 1.000000
-0.983714 0.082125 0.159883 0.000000 0.144877 0.888765 0.434865 -0.000001 -0.106385 0.450946 -0.886189 7.451144 0.000000 0.000000 0.000000 1.000000
-0.982344 0.086978 0.165631 -0.000000 0.154750 0.875290 0.458170 -0.000001 -0.105125 0.475713 -0.873296 7.451144 0.000000 0.000000 0.000000 1.000000
-0.981263 0.091923 0.169331 0.000000 0.163641 0.861541 0.480593 -0.000000 -0.101708 0.499298 -0.860440 7.451145 0.000000 0.000000 0.000000 1.000000
-0.980547 0.096729 0.170797 -0.000008 0.171081 0.847733 0.502077 -0.000001 -0.096225 0.521530 -0.847790 7.451145 0.000000 0.000000 0.000000 1.000000
-0.980258 0.101258 0.169828 -0.000008 0.176693 0.834091 0.522562 0.000000 -0.088738 0.542253 -0.835516 7.451143 0.000000 0.000000 0.000000 1.000000
-0.980201 0.105441 0.167595 -0.000008 0.180948 0.820687 0.541970 -0.000001 -0.080397 0.561565 -0.823517 7.451145 0.000000 0.000000 0.000000 1.000000
-0.980155 0.109234 0.165420 0.000000 0.184542 0.807534 0.560208 -0.000000 -0.072388 0.579618 -0.811667 7.451144 0.000000 0.000000 0.000000 1.000000
-0.980120 0.112655 0.163318 0.000000 0.187532 0.794777 0.577202 -0.000000 -0.064776 0.596355 -0.800103 7.451145 0.000000 0.000000 0.000000 1.000000
-0.980096 0.115716 0.161312 0.000000 0.189975 0.782560 0.592882 0.000000 -0.057630 0.611727 -0.788967 7.451145 0.000000 0.000000 0.000000 1.000000
-0.980081 0.118434 0.159419 0.000000 0.191937 0.771029 0.607185 -0.000000 -0.051005 0.625690 -0.778403 7.451145 0.000000 0.000000 0.000000 1.000000
-0.980075 0.120815 0.157662 0.000000 0.193473 0.760330 0.620053 -0.000000 -0.044963 0.638202 -0.768555 7.451147 0.000000 0.000000 0.000000 1.000000
-0.980075 0.122869 0.156060 0.000000 0.194645 0.750605 0.631431 -0.000001 -0.039557 0.649227 -0.759566 7.451145 0.000000 0.000000 0.000000 1.000000
-0.980082 0.124604 0.154636 0.000000 0.195511 0.741994 0.641265 0.000000 -0.034835 0.658725 -0.751577 7.451145 0.000000 0.000000 0.000000 1.000000
-0.980094 0.126022 0.153410 -0.000008 0.196124 0.734632 0.649501 -0.000001 -0.030848 0.666660 -0.744724 7.451145 0.000000 0.000000 0.000000 1.000000
-0.980109 0.127121 0.152404 0.000000 0.196525 0.728650 0.656085 -0.000000 -0.027647 0.672986 -0.739138 7.451147 0.000000 0.000000 0.000000 1.000000
-0.980126 0.127899 0.151637 -0.000008 0.196757 0.724172 0.660955 -0.000000 -0.025276 0.677656 -0.734945 7.451145 0.000000 0.000000 0.000000 1.000000
-0.980145 0.128355 0.151130 -0.000008 0.196850 0.721314 0.664045 -0.000001 -0.023778 0.680611 -0.732259 7.451145 0.000000 0.000000 0.000000 1.000000
-0.980165 0.128472 0.150898 -0.000008 0.196817 0.720185 0.665280 0.000000 -0.023205 0.681784 -0.731186 7.451145 0.000000 0.000000 0.000000 1.000000
-0.981055 0.121821 0.150631 0.000008 0.191615 0.724680 0.661909 -0.000001 -0.028524 0.678233 -0.734294 7.451145 0.000000 0.000000 0.000000 1.000000
-0.983286 0.103248 0.149959 -0.000000 0.176830 0.737694 0.651566 -0.000000 -0.043351 0.667194 -0.743622 7.451145 0.000000 0.000000 0.000000 1.000000
-0.986094 0.073991 0.148808 0.000008 0.152616 0.757594 0.634633 -0.000000 -0.065779 0.648519 -0.758351 7.451143 0.000000 0.000000 0.000000 1.000000
-0.988518 0.034534 0.147104 -0.000008 0.118317 0.782433 0.611391 -0.000001 -0.093985 0.621776 -0.777535 7.451145 0.000000 0.000000 0.000000 1.000000
-0.989337 -0.015700 0.144791 0.000000 0.072336 0.809908 0.582080 -0.000001 -0.126406 0.586347 -0.800136 7.451145 0.000000 0.000000 0.000000 1.000000
-0.986624 -0.080251 0.141890 0.000000 0.010571 0.837097 0.546953 -0.000001 -0.162669 0.541137 -0.825051 7.451145 0.000000 0.000000 0.000000 1.000000
-0.971828 -0.190275 0.139090 0.000008 -0.095317 0.857012 0.506405 -0.000000 -0.215558 0.478881 -0.851004 7.451145 0.000000 0.000000 0.000000 1.000000
-0.964591 -0.227450 0.133527 0.000000 -0.142812 0.876049 0.460590 -0.000001 -0.221738 0.425212 -0.877512 7.451147 0.000000 0.000000 0.000000 1.000000
-0.966082 -0.225419 0.125985 0.000000 -0.156250 0.898688 0.409813 0.000000 -0.205600 0.376228 -0.903428 7.451145 0.000000 0.000000 0.000000 1.000000
-0.967711 -0.223059 0.117388 0.000000 -0.168933 0.919578 0.354736 -0.000001 -0.187074 0.323452 -0.927568 7.451146 0.000000 0.000000 0.000000 1.000000
-0.969494 -0.220150 0.107777 0.000008 -0.180100 0.938047 0.296027 0.000000 -0.166270 0.267586 -0.949079 7.451144 0.000000 0.000000 0.000000 1.000000
-0.971437 -0.216471 0.097209 -0.000008 -0.189025 0.953567 0.234476 -0.000001 -0.143453 0.209404 -0.967249 7.451145 0.000000 0.000000 0.000000 1.000000
-0.973505 -0.211985 0.085731 0.000000 -0.195232 0.965733 0.171008 -0.000001 -0.119045 0.149740 -0.981533 7.451145 0.000000 0.000000 0.000000 1.000000
-0.988783 -0.131071 0.071612 0.000000 -0.123090 0.986680 0.106353 -0.000000 -0.084598 0.096346 -0.991746 7.451145 0.000000 0.000000 0.000000 1.000000
-0.995704 -0.072727 0.057308 -0.000008 -0.070373 0.996633 0.042081 -0.000001 -0.060175 0.037867 -0.997469 7.451147 0.000000 0.000000 0.000000 1.000000
-0.998724 -0.026942 0.042696 0.000000 -0.027848 0.999397 -0.020759 -0.000001 -0.042110 -0.021922 -0.998872 7.451145 0.000000 0.000000 0.000000 1.000000
-0.999524 0.013458 0.027737 0.000000 0.011170 0.996647 -0.081056 -0.000001 -0.028735 -0.080708 -0.996324 7.451146 0.000000 0.000000 0.000000 1.000000
-0.998648 0.050452 0.012531 -0.000000 0.048252 0.989298 -0.137706 -0.000002 -0.019344 -0.136915 -0.990394 7.451145 0.000000 0.000000 0.000000 1.000000
-0.996388 0.084863 -0.002785 0.000008 0.083850 0.978262 -0.189664 0.000001 -0.013371 -0.189213 -0.981845 7.451146 0.000000 0.000000 0.000000 1.000000
-0.992956 0.117099 -0.018059 0.000008 0.118042 0.964565 -0.235970 -0.000000 -0.010213 -0.236440 -0.971592 7.451145 0.000000 0.000000 0.000000 1.000000
-0.988534 0.147347 -0.032990 0.000008 0.150707 0.949347 -0.275732 -0.000001 -0.009309 -0.277542 -0.960668 7.451145 0.000000 0.000000 0.000000 1.000000
-0.983299 0.175741 -0.047307 -0.000000 0.181723 0.933819 -0.308155 -0.000001 -0.009979 -0.311605 -0.950159 7.451145 0.000000 0.000000 0.000000 1.000000
-0.977400 0.202436 -0.060897 0.000000 0.211093 0.919160 -0.332542 0.000000 -0.011345 -0.337882 -0.941120 7.451144 0.000000 0.000000 0.000000 1.000000
-0.970972 0.227567 -0.073659 0.000008 0.238866 0.906464 -0.348232 0.000000 -0.012477 -0.355718 -0.934510 7.451145 0.000000 0.000000 0.000000 1.000000
-0.964135 0.251257 -0.085517 0.000000 0.265121 0.896662 -0.354555 -0.000000 -0.012404 -0.364511 -0.931116 7.451145 0.000000 0.000000 0.000000 1.000000
-0.957150 0.273233 -0.095951 0.000008 0.289354 0.888972 -0.354970 -0.000001 -0.011691 -0.367524 -0.929941 7.451146 0.000000 0.000000 0.000000 1.000000
-0.950379 0.292995 -0.104563 -0.000008 0.310888 0.882265 -0.353494 0.000000 -0.011320 -0.368461 -0.929574 7.451145 0.000000 0.000000 0.000000 1.000000
-0.944081 0.310298 -0.111474 0.000000 0.329532 0.876771 -0.350259 -0.000001 -0.010947 -0.367407 -0.929996 7.451147 0.000000 0.000000 0.000000 1.000000
-0.938516 0.324884 -0.116783 0.000008 0.345082 0.872711 -0.345390 -0.000001 -0.010294 -0.364454 -0.931165 7.451144 0.000000 0.000000 0.000000 1.000000
-0.933941 0.336484 -0.120553 0.000000 0.357310 0.870290 -0.339007 0.000000 -0.009154 -0.359687 -0.933028 7.451145 0.000000 0.000000 0.000000 1.000000
-0.929907 0.346415 -0.123572 0.000008 0.367720 0.868907 -0.331334 -0.000001 -0.007406 -0.353550 -0.935386 7.451146 0.000000 0.000000 0.000000 1.000000
-0.925804 0.356159 -0.126638 0.000008 0.377970 0.867803 -0.322578 -0.000001 -0.004992 -0.346510 -0.938033 7.451146 0.000000 0.000000 0.000000 1.000000
-0.921651 0.365676 -0.129770 -0.000008 0.388015 0.866940 -0.312825 -0.000001 -0.001890 -0.338669 -0.940904 7.451145 0.000000 0.000000 0.000000 1.000000
-0.917471 0.374922 -0.132967 -0.000000 0.397797 0.866288 -0.302165 -0.000000 0.001899 -0.330122 -0.943936 7.451146 0.000000 0.000000 0.000000 1.000000
-0.913293 0.383843 -0.136238 0.000000 0.407253 0.865822 -0.290683 -0.000001 0.006381 -0.320962 -0.947070 7.451146 0.000000 0.000000 0.000000 1.000000
-0.909148 0.392384 -0.139586 0.000008 0.416312 0.865528 -0.278469 0.000000 0.011549 -0.311281 -0.950248 7.451145 0.000000 0.000000 0.000000 1.000000
-0.905074 0.400483 -0.143020 0.000008 0.424899 0.865398 -0.265609 -0.000002 0.017397 -0.301164 -0.953413 7.451146 0.000000 0.000000 0.000000 1.000000
-0.901111 0.408082 -0.146521 0.000008 0.432930 0.865430 -0.252196 -0.000001 0.023887 -0.290690 -0.956519 7.451147 0.000000 0.000000 0.000000 1.000000
-0.897298 0.415120 -0.150102 0.000000 0.440334 0.865627 -0.238320 -0.000001 0.031001 -0.279940 -0.959517 7.451146 0.000000 0.000000 0.000000 1.000000
-0.893680 0.421543 -0.153745 0.000000 0.447034 0.865997 -0.224078 -0.000001 0.038684 -0.268983 -0.962368 7.451145 0.000000 0.000000 0.000000 1.000000
-0.890291 0.427306 -0.157453 0.000008 0.452971 0.866546 -0.209561 0.000000 0.046893 -0.257892 -0.965035 7.451145 0.000000 0.000000 0.000000 1.000000
-0.887166 0.432389 -0.161169 -0.000000 0.458097 0.867281 -0.194864 -0.000001 0.055522 -0.246708 -0.967498 7.451145 0.000000 0.000000 0.000000 1.000000
-0.884340 0.436780 -0.164819 0.000000 0.462373 0.868206 -0.180082 -0.000001 0.064441 -0.235462 -0.969745 7.451145 0.000000 0.000000 0.000000 1.000000
-0.881843 0.440463 -0.168360 0.000008 0.465772 0.869327 -0.165307 -0.000001 0.073548 -0.224193 -0.971765 7.451145 0.000000 0.000000 0.000000 1.000000
-0.879710 0.443423 -0.171714 -0.000000 0.468262 0.870656 -0.150635 -0.000001 0.082709 -0.212922 -0.973562 7.451146 0.000000 0.000000 0.000000 1.000000
-0.880294 0.442175 -0.171941 0.000008 0.465787 0.874361 -0.136145 0.000000 0.090138 -0.199935 -0.975654 7.451144 0.000000 0.000000 0.000000 1.000000
-0.885382 0.433900 -0.166823 -0.000008 0.455215 0.881991 -0.121948 0.000000 0.094223 -0.183912 -0.978416 7.451147 0.000000 0.000000 0.000000 1.000000
-0.893904 0.419728 -0.157367 0.000015 0.438064 0.892418 -0.108120 -0.000001 0.095057 -0.165586 -0.981604 7.451146 0.000000 0.000000 0.000000 1.000000
-0.904632 0.400912 -0.144602 -0.000008 0.415962 0.904438 -0.094700 -0.000001 0.092817 -0.145817 -0.984948 7.451145 0.000000 0.000000 0.000000 1.000000
-0.916392 0.378714 -0.129614 0.000000 0.390512 0.916961 -0.081750 -0.000000 0.087891 -0.125531 -0.988189 7.451144 0.000000 0.000000 0.000000 1.000000
-0.928205 0.354317 -0.113555 -0.000008 0.363161 0.929140 -0.069382 -0.000001 0.080926 -0.105639 -0.991106 7.451146 0.000000 0.000000 0.000000 1.000000
-0.939374 0.328711 -0.097593 0.000000 0.335077 0.940419 -0.057753 -0.000001 0.072794 -0.086953 -0.993549 7.451146 0.000000 0.000000 0.000000 1.000000
-0.949493 0.302678 -0.082762 0.000000 0.307104 0.950512 -0.047050 0.000000 0.064426 -0.070090 -0.995458 7.451145 0.000000 0.000000 0.000000 1.000000
-0.958387 0.276790 -0.069865 -0.000000 0.279792 0.959330 -0.037450 -0.000000 0.056657 -0.055439 -0.996853 7.451145 0.000000 0.000000 0.000000 1.000000
-0.966024 0.251532 -0.059402 0.000000 0.253546 0.966886 -0.029100 -0.000000 0.050115 -0.043173 -0.997810 7.451145 0.000000 0.000000 0.000000 1.000000
-0.972422 0.227471 -0.051498 0.000000 0.228828 0.973216 -0.022112 -0.000001 0.045089 -0.033286 -0.998428 7.451146 0.000000 0.000000 0.000000 1.000000
-0.977574 0.205510 -0.045974 0.000000 0.206445 0.978318 -0.016563 -0.000000 0.041574 -0.025682 -0.998805 7.451146 0.000000 0.000000 0.000000 1.000000
-0.981423 0.187095 -0.042477 -0.000008 0.187772 0.982133 -0.012517 -0.000000 0.039376 -0.020260 -0.999019 7.451146 0.000000 0.000000 0.000000 1.000000
-0.983853 0.174316 -0.040573 0.000000 0.174852 0.984544 -0.010035 -0.000000 0.038196 -0.016968 -0.999126 7.451146 0.000000 0.000000 0.000000 1.000000
-0.984707 0.169572 -0.039970 0.000000 0.170062 0.985391 -0.009190 -0.000000 0.037828 -0.015847 -0.999158 7.451146 0.000000 0.000000 0.000000 1.000000</float_array><technique_common><accessor source="#LLeg1-Matrix-animation-output-transform-array" count="101" stride="16"><param type="float4x4"/></accessor></technique_common></source><source id="LLeg1-Interpolations"><Name_array id="LLeg1-Interpolations-array" count="101">
 LINEAR LINEAR LINEAR LINEAR LINEAR LINEAR LINEAR LINEAR LINEAR LINEAR LINEAR
LINEAR LINEAR LINEAR LINEAR LINEAR LINEAR LINEAR LINEAR LINEAR LINEAR LINEAR LINEAR
LINEAR LINEAR LINEAR LINEAR LINEAR LINEAR LINEAR LINEAR LINEAR LINEAR LINEAR LINEAR
LINEAR LINEAR LINEAR LINEAR LINEAR LINEAR LINEAR LINEAR LINEAR LINEAR LINEAR LINEAR
LINEAR LINEAR LINEAR LINEAR LINEAR LINEAR LINEAR LINEAR LINEAR LINEAR LINEAR LINEAR
LINEAR LINEAR LINEAR LINEAR LINEAR LINEAR LINEAR LINEAR LINEAR LINEAR LINEAR LINEAR
LINEAR LINEAR LINEAR LINEAR LINEAR LINEAR LINEAR LINEAR LINEAR LINEAR LINEAR LINEAR
LINEAR LINEAR LINEAR LINEAR LINEAR LINEAR LINEAR LINEAR LINEAR LINEAR LINEAR LINEAR
LINEAR LINEAR LINEAR LINEAR LINEAR LINEAR</Name_array><technique_common><accessor source="#LLeg1-Interpolations-array" count="101"><param type="name"/></accessor></technique_common></source><sampler id="LLeg1-Matrix-animation-transform"><input semantic="INPUT" source="#LLeg1-Matrix-animation-input"/><input semantic="OUTPUT" source="#LLeg1-Matrix-animation-output-transform"/><input semantic="INTERPOLATION" source="#LLeg1-Interpolations"/></sampler><channel source="#LLeg1-Matrix-animation-transform" target="LLeg1/matrix"/></animation></animation>
    <animation id="LLeg2-anim" name="LLeg2"><animation><source id="LLeg2-Matrix-animation-input"><float_array id="LLeg2-Matrix-animation-input-array" count="101">

0.000000 0.033333 0.066667 0.100000 0.133333 0.166667 0.200000 0.233333 0.266667 0.300000 0.333333 0.366667 0.400000 0.433333 0.466667 0.500000
0.533333 0.566667 0.600000 0.633333 0.666667 0.700000 0.733333 0.766667 0.800000 0.833333 0.866667 0.900000 0.933333 0.966667 1.000000 1.033333
1.066667 1.100000 1.133333 1.166667 1.200000 1.233333 1.266667 1.300000 1.333333 1.366667 1.400000 1.433333 1.466667 1.500000 1.533333 1.566667
1.600000 1.633333 1.666667 1.700000 1.733333 1.766667 1.800000 1.833333 1.866667 1.900000 1.933333 1.966667 2.000000 2.033333 2.066667 2.100000
2.133333 2.166667 2.200000 2.233333 2.266667 2.300000 2.333333 2.366667 2.400000 2.433333 2.466667 2.500000 2.533333 2.566667 2.600000 2.633333
2.666667 2.700000 2.733333 2.766667 2.800000 2.833333 2.866667 2.900000 2.933333 2.966667 3.000000 3.033333 3.066667 3.100000 3.133333 3.166667
3.200000 3.233333 3.266667 3.300000 3.333333</float_array><technique_common><accessor source="#LLeg2-Matrix-animation-input-array" count="101"><param name="TIME" type="float"/></accessor></technique_common></source><source id="LLeg2-Matrix-animation-output-transform"><float_array id="LLeg2-Matrix-animation-output-transform-array" count="1616">

0.924544 0.380834 -0.013589 30.975624 -0.380967 0.924544 -0.009108 -0.000038 0.009095 0.013598 0.999866 -0.000006 0.000000 0.000000 0.000000 1.000000
0.924398 0.381178 -0.013869 30.975620 -0.381314 0.924402 -0.008984 -0.000036 0.009396 0.013593 0.999863 -0.000001 0.000000 0.000000 0.000000 1.000000
0.923212 0.384048 -0.013687 30.975616 -0.384183 0.923213 -0.009066 -0.000038 0.009154 0.013628 0.999865 -0.000003 0.000000 0.000000 0.000000 1.000000
0.921674 0.387720 -0.013832 30.975632 -0.387856 0.921676 -0.009007 -0.000038 0.009257 0.013666 0.999864 -0.000003 0.000000 0.000000 0.000000 1.000000
0.919700 0.392373 -0.014003 30.975620 -0.392511 0.919704 -0.008934 -0.000038 0.009374 0.013713 0.999862 -0.000004 0.000000 0.000000 0.000000 1.000000
0.917448 0.397604 -0.014188 30.975628 -0.397744 0.917454 -0.008855 -0.000036 0.009496 0.013767 0.999860 -0.000005 0.000000 0.000000 0.000000 1.000000
