<?xml version="1.0" encoding="utf-8"?>
<COLLADA xmlns="http://www.collada.org/2005/11/COLLADASchema" version="1.4.1">
  <asset><contributor><author></author><authoring_tool>FBX COLLADA exporter</authoring_tool><comments></comments></contributor><created>2015-05-01T22:32:46Z</created><keywords></keywords><modified>2015-05-01T22:32:46Z</modified><revision></revision><subject></subject><title></title><unit meter="1.000000" name="centimeter"></unit><up_axis>Y_UP</up_axis></asset>
  <library_animations>
    <animation id="DroidControl-anim" name="DroidControl"><animation><source id="DroidControl-Matrix-animation-input"><float_array id="DroidControl-Matrix-animation-input-array" count="0">
</float_array><technique_common><accessor source="#DroidControl-Matrix-animation-input-array" count="0"><param name="TIME" type="float"/></accessor></technique_common></source><source id="DroidControl-Matrix-animation-output-transform"><float_array id="DroidControl-Matrix-animation-output-transform-array" count="0">
</float_array><technique_common><accessor source="#DroidControl-Matrix-animation-output-transform-array" count="0" stride="16"><param type="float4x4"/></accessor></technique_common></source><source id="DroidControl-Interpolations"><Name_array id="DroidControl-Interpolations-array" count="0">
</Name_array><technique_common><accessor source="#DroidControl-Interpolations-array" count="0"><param type="name"/></accessor></technique_common></source><sampler id="DroidControl-Matrix-animation-transform"><input semantic="INPUT" source="#DroidControl-Matrix-animation-input"/><input semantic="OUTPUT" source="#DroidControl-Matrix-animation-output-transform"/><input semantic="INTERPOLATION" source="#DroidControl-Interpolations"/></sampler><channel source="#DroidControl-Matrix-animation-transform" target="DroidControl/matrix"/></animation></animation>
    <animation id="Pelvis-anim" name="Pelvis"><animation><source id="Pelvis-Matrix-animation-input"><float_array id="Pelvis-Matrix-animation-input-array" count="51">

0.000000 0.033333 0.066667 0.100000 0.133333 0.166667 0.200000 0.233333 0.266667 0.300000 0.333333 0.366667 0.400000 0.433333 0.466667 0.500000
0.533333 0.566667 0.600000 0.633333 0.666667 0.700000 0.733333 0.766667 0.800000 0.833333 0.866667 0.900000 0.933333 0.966667 1.000000 1.033333
1.066667 1.100000 1.133333 1.166667 1.200000 1.233333 1.266667 1.300000 1.333333 1.366667 1.400000 1.433333 1.466667 1.500000 1.533333 1.566667
1.600000 1.633333 1.666667</float_array><technique_common><accessor source="#Pelvis-Matrix-animation-input-array" count="51"><param name="TIME" type="float"/></accessor></technique_common></source><source id="Pelvis-Matrix-animation-output-transform"><float_array id="Pelvis-Matrix-animation-output-transform-array" count="816">

0.000000 -0.000000 1.000000 -0.000000 1.000000 0.000000 -0.000000 62.938950 0.000000 1.000000 0.000000 2.702183 0.000000 0.000000 0.000000 1.000000
0.000000 -0.000000 1.000000 -0.000000 0.999980 0.006361 0.000000 62.558186 -0.006361 0.999980 0.000000 2.494480 0.000000 0.000000 0.000000 1.000000
0.000000 -0.000000 1.000000 -0.000000 0.999708 0.024168 0.000000 61.492046 -0.024168 0.999708 0.000000 1.912913 0.000000 0.000000 0.000000 1.000000
0.000000 -0.000000 1.000000 -0.000000 0.998673 0.051498 0.000000 59.854763 -0.051498 0.998673 0.000000 1.019792 0.000000 0.000000 0.000000 1.000000
0.000000 -0.000000 1.000000 -0.000000 0.996261 0.086396 0.000000 57.760563 -0.086396 0.996261 0.000000 -0.122571 0.000000 0.000000 0.000000 1.000000
0.000000 -0.000000 1.000000 -0.000000 0.991920 0.126868 0.000000 55.323677 -0.126868 0.991920 0.000000 -1.451867 0.000000 0.000000 0.000000 1.000000
0.000000 -0.000000 1.000000 -0.000000 0.985290 0.170892 0.000000 52.658329 -0.170892 0.985290 0.000000 -2.905785 0.000000 0.000000 0.000000 1.000000
0.000000 -0.000000 1.000000 -0.000000 0.976296 0.216440 0.000000 49.878754 -0.216440 0.976296 0.000000 -4.422013 0.000000 0.000000 0.000000 1.000000
0.000000 -0.000000 1.000000 -0.000000 0.965198 0.261522 0.000000 47.099178 -0.261522 0.965198 0.000000 -5.938242 0.000000 0.000000 0.000000 1.000000
0.000000 -0.000000 1.000000 -0.000000 0.952601 0.304222 0.000000 44.433834 -0.304222 0.952601 0.000000 -7.392159 0.000000 0.000000 0.000000 1.000000
0.000000 -0.000000 1.000000 -0.000000 0.939431 0.342738 0.000000 41.996944 -0.342738 0.939431 0.000000 -8.721455 0.000000 0.000000 0.000000 1.000000
0.000000 -0.000000 1.000000 -0.000000 0.926869 0.375385 0.000000 39.902744 -0.375385 0.926869 0.000000 -9.863818 0.000000 0.000000 0.000000 1.000000
0.000000 -0.000000 1.000000 -0.000000 0.916257 0.400592 0.000000 38.265461 -0.400592 0.916257 0.000000 -10.756940 0.000000 0.000000 0.000000 1.000000
0.000000 -0.000000 1.000000 -0.000000 0.908977 0.416845 0.000000 37.199322 -0.416845 0.908977 0.000000 -11.338507 0.000000 0.000000 0.000000 1.000000
0.000000 -0.000000 1.000000 -0.000000 0.906308 0.422619 0.000000 36.818558 -0.422619 0.906308 0.000000 -11.546209 0.000000 0.000000 0.000000 1.000000
0.000000 -0.000000 1.000000 -0.587287 0.944650 0.328080 0.000000 38.028290 -0.328080 0.944650 0.000000 -7.353432 0.000000 0.000000 0.000000 1.000000
0.000000 -0.000000 1.000000 -2.100614 0.993985 0.109512 0.000000 41.197590 -0.109512 0.993985 0.000000 2.529304 0.000000 0.000000 0.000000 1.000000
0.000000 -0.000000 1.000000 -4.167184 0.993417 -0.114553 -0.000000 45.636627 0.114553 0.993417 0.000000 14.058608 0.000000 0.000000 0.000000 1.000000
0.000000 -0.000000 1.000000 -6.414200 0.976576 -0.215172 -0.000000 50.655567 0.215172 0.976576 0.000000 23.191092 0.000000 0.000000 0.000000 1.000000
0.000000 -0.000000 1.000000 -9.750935 0.998940 -0.046025 -0.000000 58.542854 0.046025 0.998940 0.000000 29.065228 0.000000 0.000000 0.000000 1.000000
0.000000 -0.000000 1.000000 -13.629378 0.963448 0.267895 0.000000 67.869873 -0.267895 0.963448 0.000000 33.074429 0.000000 0.000000 0.000000 1.000000
0.000000 -0.000000 1.000000 -15.490799 0.903883 0.427779 0.000000 72.371193 -0.427779 0.903883 0.000000 34.557713 0.000000 0.000000 0.000000 1.000000
0.000000 -0.000000 1.000000 -15.436810 0.904541 0.426386 0.000000 72.338318 -0.426386 0.904541 0.000000 34.446690 0.000000 0.000000 0.000000 1.000000
0.000000 -0.000000 1.000000 -15.279927 0.906441 0.422332 0.000000 72.242798 -0.422332 0.906441 0.000000 34.124073 0.000000 0.000000 0.000000 1.000000
0.000000 -0.000000 1.000000 -15.027771 0.909456 0.415799 0.000000 72.089256 -0.415799 0.909456 0.000000 33.605534 0.000000 0.000000 0.000000 1.000000
0.000000 -0.000000 1.000000 -14.687963 0.913446 0.406961 0.000000 71.882355 -0.406961 0.913446 0.000000 32.906746 0.000000 0.000000 0.000000 1.000000
0.000000 -0.000000 1.000000 -14.268126 0.918255 0.395989 0.000000 71.626717 -0.395989 0.918255 0.000000 32.043388 0.000000 0.000000 0.000000 1.000000
0.000000 -0.000000 1.000000 -13.775881 0.923727 0.383052 0.000000 71.326988 -0.383052 0.923727 0.000000 31.031126 0.000000 0.000000 0.000000 1.000000
0.000000 -0.000000 1.000000 -13.218849 0.929698 0.368322 0.000000 70.987816 -0.368322 0.929698 0.000000 29.885639 0.000000 0.000000 0.000000 1.000000
0.000000 -0.000000 1.000000 -12.604654 0.936011 0.351972 0.000000 70.613838 -0.351972 0.936011 0.000000 28.622599 0.000000 0.000000 0.000000 1.000000
0.000000 -0.000000 1.000000 -11.940917 0.942509 0.334182 0.000000 70.209694 -0.334182 0.942509 0.000000 27.257679 0.000000 0.000000 0.000000 1.000000
0.000000 -0.000000 1.000000 -11.235260 0.949046 0.315137 0.000000 69.780022 -0.315137 0.949046 0.000000 25.806553 0.000000 0.000000 0.000000 1.000000
0.000000 -0.000000 1.000000 -10.495304 0.955488 0.295029 0.000000 69.329468 -0.295029 0.955488 0.000000 24.284895 0.000000 0.000000 0.000000 1.000000
0.000000 -0.000000 1.000000 -9.728672 0.961713 0.274058 0.000000 68.862671 -0.274058 0.961713 0.000000 22.708382 0.000000 0.000000 0.000000 1.000000
0.000000 -0.000000 1.000000 -8.942985 0.967615 0.252430 0.000000 68.384270 -0.252430 0.967615 0.000000 21.092680 0.000000 0.000000 0.000000 1.000000
0.000000 -0.000000 1.000000 -8.145865 0.973106 0.230357 0.000000 67.898911 -0.230357 0.973106 0.000000 19.453472 0.000000 0.000000 0.000000 1.000000
0.000000 -0.000000 1.000000 -7.344934 0.978116 0.208059 0.000000 67.411232 -0.208059 0.978116 0.000000 17.806425 0.000000 0.000000 0.000000 1.000000
0.000000 -0.000000 1.000000 -6.547815 0.982595 0.185758 0.000000 66.925873 -0.185758 0.982595 0.000000 16.167215 0.000000 0.000000 0.000000 1.000000
0.000000 -0.000000 1.000000 -5.762127 0.986513 0.163684 0.000000 66.447472 -0.163684 0.986513 0.000000 14.551515 0.000000 0.000000 0.000000 1.000000
0.000000 -0.000000 1.000000 -4.995494 0.989857 0.142066 0.000000 65.980675 -0.142066 0.989857 0.000000 12.974998 0.000000 0.000000 0.000000 1.000000
0.000000 -0.000000 1.000000 -4.255539 0.992636 0.121135 0.000000 65.530121 -0.121135 0.992636 0.000000 11.453342 0.000000 0.000000 0.000000 1.000000
0.000000 -0.000000 1.000000 -3.549882 0.994874 0.101124 0.000000 65.100449 -0.101124 0.994874 0.000000 10.002217 0.000000 0.000000 0.000000 1.000000
0.000000 -0.000000 1.000000 -2.886144 0.996611 0.082264 0.000000 64.696304 -0.082264 0.996611 0.000000 8.637297 0.000000 0.000000 0.000000 1.000000
0.000000 -0.000000 1.000000 -2.271950 0.997899 0.064785 0.000000 64.322327 -0.064785 0.997899 0.000000 7.374256 0.000000 0.000000 0.000000 1.000000
0.000000 -0.000000 1.000000 -1.714918 0.998803 0.048916 0.000000 63.983150 -0.048916 0.998803 0.000000 6.228768 0.000000 0.000000 0.000000 1.000000
0.000000 -0.000000 1.000000 -1.222672 0.999391 0.034882 0.000000 63.683426 -0.034882 0.999391 0.000000 5.216506 0.000000 0.000000 0.000000 1.000000
0.000000 -0.000000 1.000000 -0.802835 0.999738 0.022907 0.000000 63.427792 -0.022907 0.999738 0.000000 4.353146 0.000000 0.000000 0.000000 1.000000
0.000000 -0.000000 1.000000 -0.463028 0.999913 0.013212 0.000000 63.220886 -0.013212 0.999913 0.000000 3.654361 0.000000 0.000000 0.000000 1.000000
0.000000 -0.000000 1.000000 -0.210872 0.999982 0.006018 0.000000 63.067348 -0.006018 0.999982 0.000000 3.135824 0.000000 0.000000 0.000000 1.000000
0.000000 -0.000000 1.000000 -0.053988 0.999999 0.001541 0.000000 62.971821 -0.001541 0.999999 0.000000 2.813204 0.000000 0.000000 0.000000 1.000000
0.000000 -0.000000 1.000000 -0.000000 1.000000 0.000000 -0.000000 62.938950 0.000000 1.000000 0.000000 2.702183 0.000000 0.000000 0.000000 1.000000</float_array><technique_common><accessor source="#Pelvis-Matrix-animation-output-transform-array" count="51" stride="16"><param type="float4x4"/></accessor></technique_common></source><source id="Pelvis-Interpolations"><Name_array id="Pelvis-Interpolations-array" count="51">
 LINEAR LINEAR LINEAR LINEAR LINEAR LINEAR LINEAR LINEAR LINEAR LINEAR LINEAR
LINEAR LINEAR LINEAR LINEAR LINEAR LINEAR LINEAR LINEAR LINEAR LINEAR LINEAR LINEAR
LINEAR LINEAR LINEAR LINEAR LINEAR LINEAR LINEAR LINEAR LINEAR LINEAR LINEAR LINEAR
LINEAR LINEAR LINEAR LINEAR LINEAR LINEAR LINEAR LINEAR LINEAR LINEAR LINEAR LINEAR
LINEAR LINEAR LINEAR LINEAR</Name_array><technique_common><accessor source="#Pelvis-Interpolations-array" count="51"><param type="name"/></accessor></technique_common></source><sampler id="Pelvis-Matrix-animation-transform"><input semantic="INPUT" source="#Pelvis-Matrix-animation-input"/><input semantic="OUTPUT" source="#Pelvis-Matrix-animation-output-transform"/><input semantic="INTERPOLATION" source="#Pelvis-Interpolations"/></sampler><channel source="#Pelvis-Matrix-animation-transform" target="Pelvis/matrix"/></animation></animation>
    <animation id="LLeg1-anim" name="LLeg1"><animation><source id="LLeg1-Matrix-animation-input"><float_array id="LLeg1-Matrix-animation-input-array" count="51">

0.000000 0.033333 0.066667 0.100000 0.133333 0.166667 0.200000 0.233333 0.266667 0.300000 0.333333 0.366667 0.400000 0.433333 0.466667 0.500000
0.533333 0.566667 0.600000 0.633333 0.666667 0.700000 0.733333 0.766667 0.800000 0.833333 0.866667 0.900000 0.933333 0.966667 1.000000 1.033333
1.066667 1.100000 1.133333 1.166667 1.200000 1.233333 1.266667 1.300000 1.333333 1.366667 1.400000 1.433333 1.466667 1.500000 1.533333 1.566667
1.600000 1.633333 1.666667</float_array><technique_common><accessor source="#LLeg1-Matrix-animation-input-array" count="51"><param name="TIME" type="float"/></accessor></technique_common></source><source id="LLeg1-Matrix-animation-output-transform"><float_array id="LLeg1-Matrix-animation-output-transform-array" count="816">

-0.907954 0.402057 -0.118192 0.000000 0.354163 0.886948 0.296466 -0.000000 0.224026 0.227318 -0.947701 7.451146 0.000000 0.000000 0.000000 1.000000
-0.903772 0.410825 -0.120081 -0.000000 0.362364 0.883731 0.296161 -0.000000 0.227790 0.224149 -0.947559 7.451146 0.000000 0.000000 0.000000 1.000000
-0.892079 0.434154 -0.125320 -0.000000 0.384236 0.874744 0.295273 -0.000000 0.237817 0.215255 -0.947158 7.451146 0.000000 0.000000 0.000000 1.000000
-0.874132 0.467069 -0.133193 0.000000 0.415255 0.860950 0.293818 -0.000001 0.251906 0.201526 -0.946536 7.451146 0.000000 0.000000 0.000000 1.000000
-0.851049 0.505243 -0.142984 0.000000 0.451544 0.843181 0.291812 -0.000001 0.267997 0.183783 -0.945728 7.451146 0.000000 0.000000 0.000000 1.000000
-0.823733 0.545667 -0.153983 0.000000 0.490461 0.822038 0.289313 -0.000000 0.284449 0.162794 -0.944768 7.451146 0.000000 0.000000 0.000000 1.000000
-0.792851 0.586506 -0.165523 -0.000000 0.530421 0.797874 0.286444 -0.000000 0.300068 0.139310 -0.943690 7.451146 0.000000 0.000000 0.000000 1.000000
-0.758917 0.626676 -0.176978 -0.000000 0.570468 0.770880 0.283390 -0.000000 0.314023 0.114109 -0.942533 7.451147 0.000000 0.000000 0.000000 1.000000
-0.722466 0.665417 -0.187783 -0.000000 0.609848 0.741261 0.280390 -0.000000 0.325773 0.088053 -0.941338 7.451146 0.000000 0.000000 0.000000 1.000000
-0.684303 0.701954 -0.197459 0.000000 0.647678 0.709507 0.277693 -0.000000 0.335026 0.062136 -0.940157 7.451146 0.000000 0.000000 0.000000 1.000000
-0.645821 0.735275 -0.205636 -0.000000 0.682740 0.676729 0.275507 -0.000001 0.341734 0.037532 -0.939047 7.451146 0.000000 0.000000 0.000000 1.000000
-0.609301 0.764053 -0.212073 0.000000 0.713423 0.644965 0.273948 -0.000001 0.346090 0.015619 -0.938071 7.451146 0.000000 0.000000 0.000000 1.000000
-0.578068 0.786697 -0.216671 0.000000 0.737812 0.617337 0.273000 -0.000001 0.348527 -0.002050 -0.937296 7.451146 0.000000 0.000000 0.000000 1.000000
-0.556268 0.801507 -0.219435 0.000000 0.753875 0.597825 0.272538 -0.000001 0.349625 -0.013822 -0.936787 7.451146 0.000000 0.000000 0.000000 1.000000
-0.548177 0.806807 -0.220374 -0.000000 0.759644 0.590539 0.272407 -0.000001 0.349919 -0.018079 -0.936605 7.451146 0.000000 0.000000 0.000000 1.000000
-0.582003 0.778680 -0.234370 0.000000 0.732001 0.627198 0.266077 -0.000000 0.354186 -0.016702 -0.935026 7.451146 0.000000 0.000000 0.000000 1.000000
-0.675555 0.692002 -0.254478 -0.000000 0.642809 0.721832 0.256429 -0.000001 0.361140 0.009651 -0.932461 7.451146 0.000000 0.000000 0.000000 1.000000
-0.790070 0.555850 -0.258494 -0.000000 0.499378 0.828160 0.254505 -0.000001 0.355542 0.071991 -0.931883 7.451146 0.000000 0.000000 0.000000 1.000000
-0.899421 0.347115 -0.265618 0.000000 0.283698 0.925922 0.249368 -0.000002 0.332501 0.148932 -0.931269 7.451146 0.000000 0.000000 0.000000 1.000000
-0.920805 -0.214098 -0.326005 0.000000 -0.289786 0.934997 0.204464 -0.000000 0.261039 0.282744 -0.922992 7.451145 0.000000 0.000000 0.000000 1.000000
-0.644797 -0.645531 -0.409299 -0.000000 -0.738487 0.664260 0.115743 -0.000004 0.197166 0.376893 -0.905028 7.451147 0.000000 0.000000 0.000000 1.000000
-0.520835 -0.727743 -0.446229 -0.000000 -0.828044 0.557777 0.056823 0.000000 0.207544 0.399093 -0.893112 7.451146 0.000000 0.000000 0.000000 1.000000
-0.522895 -0.726700 -0.445520 0.000000 -0.826843 0.559443 0.057919 0.000000 0.207153 0.398661 -0.893396 7.451147 0.000000 0.000000 0.000000 1.000000
-0.528871 -0.723640 -0.443441 -0.000000 -0.823319 0.564280 0.061100 0.000000 0.206011 0.397408 -0.894218 7.451147 0.000000 0.000000 0.000000 1.000000
-0.538455 -0.718627 -0.440047 0.000000 -0.817549 0.572042 0.066194 0.000000 0.204157 0.395402 -0.895531 7.451147 0.000000 0.000000 0.000000 1.000000
-0.551324 -0.711685 -0.435369 0.000000 -0.809562 0.582474 0.073026 0.000000 0.201620 0.392720 -0.897285 7.451147 0.000000 0.000000 0.000000 1.000000
-0.567145 -0.702809 -0.429424 0.000000 -0.799358 0.595314 0.081412 -0.000000 0.198425 0.389436 -0.899425 7.451146 0.000000 0.000000 0.000000 1.000000
-0.585574 -0.691979 -0.422217 0.000000 -0.786916 0.610289 0.091162 -0.000000 0.194593 0.385632 -0.901899 7.451146 0.000000 0.000000 0.000000 1.000000
-0.606254 -0.679167 -0.413749 0.000000 -0.772207 0.627117 0.102082 -0.000004 0.190139 0.381388 -0.904649 7.451145 0.000000 0.000000 0.000000 1.000000
-0.628817 -0.664346 -0.404021 -0.000000 -0.755204 0.645504 0.113973 -0.000004 0.185080 0.376787 -0.907621 7.451146 0.000000 0.000000 0.000000 1.000000
-0.652888 -0.647501 -0.393039 0.000000 -0.735894 0.665149 0.126633 0.000000 0.179434 0.371912 -0.910760 7.451146 0.000000 0.000000 0.000000 1.000000
-0.678080 -0.628639 -0.380816 -0.000000 -0.714284 0.685739 0.139858 -0.000004 0.173221 0.366846 -0.914012 7.451145 0.000000 0.000000 0.000000 1.000000
-0.704001 -0.607792 -0.367385 -0.000000 -0.690414 0.706954 0.153442 0.000000 0.166463 0.361671 -0.917324 7.451145 0.000000 0.000000 0.000000 1.000000
-0.730261 -0.585028 -0.352791 0.000000 -0.664361 0.728474 0.167182 -0.000004 0.159193 0.356467 -0.920645 7.451146 0.000000 0.000000 0.000000 1.000000
-0.756470 -0.560457 -0.337105 0.000000 -0.636252 0.749978 0.180878 0.000000 0.151447 0.351313 -0.923928 7.451147 0.000000 0.000000 0.000000 1.000000
-0.782251 -0.534239 -0.320425 0.000000 -0.606263 0.771154 0.194337 0.000000 0.143275 0.346283 -0.927125 7.451147 0.000000 0.000000 0.000000 1.000000
-0.807244 -0.506581 -0.302875 -0.000000 -0.574634 0.791701 0.207377 -0.000002 0.134734 0.341446 -0.930194 7.451146 0.000000 0.000000 0.000000 1.000000
-0.910972 -0.294440 -0.288851 0.000000 -0.361977 0.906427 0.217629 -0.000002 0.197744 0.302812 -0.932310 7.451146 0.000000 0.000000 0.000000 1.000000
-0.945143 -0.180881 -0.272006 -0.000000 -0.246133 0.941807 0.228951 0.000000 0.214765 0.283342 -0.934662 7.451146 0.000000 0.000000 0.000000 1.000000
-0.963327 -0.085218 -0.254437 0.000000 -0.148207 0.959446 0.239785 -0.000000 0.223685 0.268702 -0.936890 7.451146 0.000000 0.000000 0.000000 1.000000
-0.971615 -0.000649 -0.236567 -0.000000 -0.061482 0.966327 0.249865 0.000000 0.228439 0.257317 -0.938937 7.451146 0.000000 0.000000 0.000000 1.000000
-0.972899 0.074972 -0.218739 -0.000000 0.016179 0.965731 0.259040 0.000000 0.230664 0.248481 -0.940771 7.451146 0.000000 0.000000 0.000000 1.000000
-0.969115 0.142464 -0.201293 0.000000 0.085595 0.959828 0.267218 0.000000 0.231276 0.241735 -0.942377 7.451146 0.000000 0.000000 0.000000 1.000000
-0.961804 0.202147 -0.184581 0.000000 0.147082 0.950316 0.274350 -0.000001 0.230869 0.236722 -0.943749 7.451146 0.000000 0.000000 0.000000 1.000000
-0.952297 0.254133 -0.168958 0.000000 0.200738 0.938652 0.280424 -0.000001 0.229858 0.233130 -0.944889 7.451146 0.000000 0.000000 0.000000 1.000000
-0.941791 0.298443 -0.154794 0.000000 0.246563 0.926133 0.285455 -0.000001 0.228551 0.230673 -0.945808 7.451146 0.000000 0.000000 0.000000 1.000000
-0.931369 0.335051 -0.142450 0.000000 0.284500 0.913925 0.289483 -0.000000 0.227180 0.229089 -0.946523 7.451146 0.000000 0.000000 0.000000 1.000000
-0.921999 0.363892 -0.132285 0.000000 0.314445 0.903070 0.292557 0.000000 0.225922 0.228142 -0.947053 7.451146 0.000000 0.000000 0.000000 1.000000
-0.914529 0.384837 -0.124645 0.000000 0.336229 0.894476 0.294727 -0.000000 0.224914 0.227627 -0.947417 7.451146 0.000000 0.000000 0.000000 1.000000
-0.909667 0.397676 -0.119836 0.000000 0.349600 0.888902 0.296030 -0.000000 0.224246 0.227394 -0.947631 7.451147 0.000000 0.000000 0.000000 1.000000
-0.907954 0.402057 -0.118192 0.000000 0.354163 0.886948 0.296466 -0.000000 0.224026 0.227318 -0.947701 7.451146 0.000000 0.000000 0.000000 1.000000</float_array><technique_common><accessor source="#LLeg1-Matrix-animation-output-transform-array" count="51" stride="16"><param type="float4x4"/></accessor></technique_common></source><source id="LLeg1-Interpolations"><Name_array id="LLeg1-Interpolations-array" count="51">
 LINEAR LINEAR LINEAR LINEAR LINEAR LINEAR LINEAR LINEAR LINEAR LINEAR LINEAR
LINEAR LINEAR LINEAR LINEAR LINEAR LINEAR LINEAR LINEAR LINEAR LINEAR LINEAR LINEAR
LINEAR LINEAR LINEAR LINEAR LINEAR LINEAR LINEAR LINEAR LINEAR LINEAR LINEAR LINEAR
LINEAR LINEAR LINEAR LINEAR LINEAR LINEAR LINEAR LINEAR LINEAR LINEAR LINEAR LINEAR
LINEAR LINEAR LINEAR LINEAR</Name_array><technique_common><accessor source="#LLeg1-Interpolations-array" count="51"><param type="name"/></accessor></technique_common></source><sampler id="LLeg1-Matrix-animation-transform"><input semantic="INPUT" source="#LLeg1-Matrix-animation-input"/><input semantic="OUTPUT" source="#LLeg1-Matrix-animation-output-transform"/><input semantic="INTERPOLATION" source="#LLeg1-Interpolations"/></sampler><channel source="#LLeg1-Matrix-animation-transform" target="LLeg1/matrix"/></animation></animation>
    <animation id="LLeg2-anim" name="LLeg2"><animation><source id="LLeg2-Matrix-animation-input"><float_array id="LLeg2-Matrix-animation-input-array" count="51">

0.000000 0.033333 0.066667 0.100000 0.133333 0.166667 0.200000 0.233333 0.266667 0.300000 0.333333 0.366667 0.400000 0.433333 0.466667 0.500000
0.533333 0.566667 0.600000 0.633333 0.666667 0.700000 0.733333 0.766667 0.800000 0.833333 0.866667 0.900000 0.933333 0.966667 1.000000 1.033333
1.066667 1.100000 1.133333 1.166667 1.200000 1.233333 1.266667 1.300000 1.333333 1.366667 1.400000 1.433333 1.466667 1.500000 1.533333 1.566667
1.600000 1.633333 1.666667</float_array><technique_common><accessor source="#LLeg2-Matrix-animation-input-array" count="51"><param name="TIME" type="float"/></accessor></technique_common></source><source id="LLeg2-Matrix-animation-output-transform"><float_array id="LLeg2-Matrix-animation-output-transform-array" count="816">

0.500441 0.865242 -0.030267 30.975616 -0.865540 0.500809 0.005605 -0.000038 0.020008 0.023393 0.999526 0.000008 0.000000 0.000000 0.000000 1.000000
0.480280 0.876579 -0.030662 30.975622 -0.876881 0.480667 0.006307 -0.000040 0.020267 0.023858 0.999510 0.000008 0.000000 0.000000 0.000000 1.000000
0.424610 0.904823 -0.031652 30.975613 -0.905135 0.425045 0.008255 -0.000040 0.020923 0.025144 0.999465 0.000009 0.000000 0.000000 0.000000 1.000000
0.341390 0.939349 -0.032816 30.975613 -0.939678 0.341889 0.010836 -0.000038 0.021399 0.027137 0.999403 0.000004 0.000000 0.000000 0.000000 1.000000
0.238251 0.970610 -0.033961 30.975624 -0.970943 0.238851 0.014791 -0.000034 0.022468 0.029450 0.999314 0.000006 0.000000 0.000000 0.000000 1.000000
0.124523 0.991611 -0.034687 30.975622 -0.991952 0.125221 0.018743 -0.000038 0.022929 0.032074 0.999223 0.000005 0.000000 0.000000 0.000000 1.000000
0.006970 0.999365 -0.034957 30.975616 -0.999709 0.007771 0.022836 -0.000042 0.023093 0.034788 0.999128 0.000003 0.000000 0.000000 0.000000 1.000000
-0.109145 0.993419 -0.034751 30.975620 -0.993760 -0.108241 0.026911 -0.000042 0.022972 0.037471 0.999034 0.000004 0.000000 0.000000 0.000000 1.000000
-0.217141 0.975544 -0.034126 30.975613 -0.975879 -0.216143 0.030685 -0.000042 0.022559 0.039966 0.998947 0.000007 0.000000 0.000000 0.000000 1.000000
-0.313534 0.948997 -0.033197 30.975613 -0.949323 -0.312451 0.034053 -0.000038 0.021944 0.042192 0.998869 0.000003 0.000000 0.000000 0.000000 1.000000
-0.395526 0.917894 -0.032109 30.975618 -0.918210 -0.394371 0.036920 -0.000034 0.021226 0.044086 0.998802 0.000006 0.000000 0.000000 0.000000 1.000000
-0.461301 0.886702 -0.031018 30.975616 -0.887007 -0.460088 0.039218 -0.000034 0.020504 0.045605 0.998749 0.000004 0.000000 0.000000 0.000000 1.000000
-0.509709 0.859822 -0.030078 30.975618 -0.860117 -0.508454 0.040910 -0.000038 0.019882 0.046723 0.998710 0.000005 0.000000 0.000000 0.000000 1.000000
-0.540175 0.841035 -0.029533 30.975613 -0.841333 -0.538899 0.041787 -0.000042 0.019229 0.047419 0.998690 0.000008 0.000000 0.000000 0.000000 1.000000
-0.550571 0.834277 -0.029212 30.975615 -0.834565 -0.549278 0.042372 -0.000038 0.019305 0.047708 0.998675 0.000008 0.000000 0.000000 0.000000 1.000000
-0.509851 0.859737 -0.030075 30.975616 -0.860033 -0.508596 0.040915 -0.000038 0.019880 0.046726 0.998710 0.000006 0.000000 0.000000 0.000000 1.000000
-0.345953 0.937679 -0.032801 30.975615 -0.938001 -0.344841 0.035187 -0.000042 0.021683 0.042941 0.998842 0.000004 0.000000 0.000000 0.000000 1.000000
-0.022266 0.999142 -0.034921 30.975616 -0.999485 -0.021440 0.023873 -0.000034 0.023104 0.035434 0.999105 0.000007 0.000000 0.000000 0.000000 1.000000
0.379205 0.924748 -0.032349 30.975616 -0.925066 0.379680 0.009842 -0.000040 0.021384 0.026193 0.999428 0.000007 0.000000 0.000000 0.000000 1.000000
0.896399 0.442979 -0.015496 30.975620 -0.443131 0.896419 -0.008234 -0.000051 0.010243 0.014248 0.999846 0.000008 0.000000 0.000000 0.000000 1.000000
1.000000 0.000000 0.000000 30.975605 -0.000000 0.999930 -0.011855 -0.000025 -0.000000 0.011855 0.999930 0.000007 0.000000 0.000000 0.000000 1.000000
1.000000 -0.000001 0.000000 30.975613 0.000001 0.999930 -0.011855 -0.000023 -0.000000 0.011855 0.999930 0.000010 0.000000 0.000000 0.000000 1.000000
1.000000 -0.000376 0.000307 30.975628 0.000380 0.999929 -0.011906 -0.000040 -0.000303 0.011906 0.999929 0.000010 0.000000 0.000000 0.000000 1.000000
1.000000 -0.000001 0.000000 30.975613 0.000001 0.999930 -0.011855 -0.000046 -0.000000 0.011855 0.999930 0.000005 0.000000 0.000000 0.000000 1.000000
1.000000 -0.000001 0.000000 30.975613 0.000001 0.999930 -0.011855 -0.000047 -0.000000 0.011855 0.999930 0.000004 0.000000 0.000000 0.000000 1.000000
1.000000 -0.000001 0.000000 30.975624 0.000001 0.999930 -0.011855 -0.000037 -0.000000 0.011855 0.999930 0.000002 0.000000 0.000000 0.000000 1.000000
1.000000 0.000465 0.000145 30.975609 -0.000464 0.999929 -0.011875 -0.000040 -0.000150 0.011875 0.999930 0.000008 0.000000 0.000000 0.000000 1.000000
1.000001 -0.000345 -0.000021 30.975624 0.000345 0.999930 -0.011860 -0.000038 0.000025 0.011860 0.999930 0.000007 0.000000 0.000000 0.000000 1.000000
1.000000 0.000302 -0.000166 30.975620 -0.000303 0.999930 -0.011866 -0.000048 0.000162 0.011866 0.999930 0.000006 0.000000 0.000000 0.000000 1.000000
1.000000 -0.000001 0.000000 30.975620 0.000001 0.999930 -0.011855 -0.000035 -0.000000 0.011855 0.999930 0.000005 0.000000 0.000000 0.000000 1.000000
1.000000 -0.000467 -0.000142 30.975628 0.000465 0.999930 -0.011838 -0.000031 0.000148 0.011838 0.999930 0.000005 0.000000 0.000000 0.000000 1.000000
1.000000 0.000344 0.000022 30.975616 -0.000344 0.999930 -0.011850 -0.000037 -0.000026 0.011850 0.999930 0.000004 0.000000 0.000000 0.000000 1.000000
1.000000 -0.000001 0.000000 30.975613 0.000001 0.999930 -0.011855 -0.000030 -0.000000 0.011855 0.999930 0.000007 0.000000 0.000000 0.000000 1.000000
1.000000 -0.000150 -0.000311 30.975613 0.000146 0.999930 -0.011850 -0.000041 0.000313 0.011850 0.999930 0.000007 0.000000 0.000000 0.000000 1.000000
1.000000 -0.000331 -0.000098 30.975620 0.000330 0.999930 -0.011849 -0.000030 0.000102 0.011849 0.999930 0.000004 0.000000 0.000000 0.000000 1.000000
1.000000 0.000487 0.000032 30.975613 -0.000486 0.999930 -0.011851 -0.000039 -0.000038 0.011851 0.999930 0.000007 0.000000 0.000000 0.000000 1.000000
1.000000 -0.000487 -0.000048 30.975620 0.000486 0.999930 -0.011837 -0.000041 0.000054 0.011837 0.999930 0.000006 0.000000 0.000000 0.000000 1.000000
0.935066 0.354259 -0.012392 30.975616 -0.354381 0.935052 -0.009586 -0.000039 0.008192 0.013355 0.999877 0.000007 0.000000 0.000000 0.000000 1.000000
0.873430 0.486650 -0.017095 30.975620 -0.486818 0.873473 -0.007389 -0.000038 0.011336 0.014776 0.999827 0.000005 0.000000 0.000000 0.000000 1.000000
0.815503 0.578399 -0.020233 30.975620 -0.578598 0.815595 -0.005407 -0.000038 0.013374 0.016116 0.999781 0.000010 0.000000 0.000000 0.000000 1.000000
0.762124 0.647036 -0.022634 30.975624 -0.647259 0.762262 -0.003541 -0.000036 0.014962 0.017349 0.999738 0.000006 0.000000 0.000000 0.000000 1.000000
0.713393 0.700336 -0.024499 30.975624 -0.700577 0.713575 -0.001838 -0.000038 0.016194 0.018474 0.999698 0.000004 0.000000 0.000000 0.000000 1.000000
0.669494 0.742363 -0.025969 30.975620 -0.742619 0.669714 -0.000304 -0.000036 0.017166 0.019488 0.999663 0.000005 0.000000 0.000000 0.000000 1.000000
0.630546 0.775678 -0.027134 30.975611 -0.775945 0.630800 0.001058 -0.000038 0.017937 0.020388 0.999631 0.000006 0.000000 0.000000 0.000000 1.000000
0.596871 0.801844 -0.028137 30.975616 -0.802120 0.597158 0.002314 -0.000036 0.018657 0.021189 0.999602 0.000005 0.000000 0.000000 0.000000 1.000000
0.567723 0.822717 -0.028779 30.975615 -0.823000 0.568032 0.003253 -0.000038 0.019024 0.021839 0.999581 0.000006 0.000000 0.000000 0.000000 1.000000
0.544310 0.838371 -0.029328 30.975620 -0.838660 0.544641 0.004073 -0.000040 0.019388 0.022380 0.999561 0.000005 0.000000 0.000000 0.000000 1.000000
0.525172 0.850476 -0.029749 30.975616 -0.850769 0.525519 0.004738 -0.000044 0.019664 0.022821 0.999546 0.000003 0.000000 0.000000 0.000000 1.000000
0.511578 0.858712 -0.030039 30.975616 -0.859007 0.511937 0.005215 -0.000038 0.019856 0.023136 0.999535 0.000007 0.000000 0.000000 0.000000 1.000000
0.503246 0.863616 -0.030200 30.975618 -0.863913 0.503611 0.005489 -0.000038 0.019949 0.023328 0.999529 0.000006 0.000000 0.000000 0.000000 1.000000
0.500441 0.865242 -0.030267 30.975616 -0.865540 0.500809 0.005605 -0.000038 0.020008 0.023393 0.999526 0.000008 0.000000 0.000000 0.000000 1.000000</float_array><technique_common><accessor source="#LLeg2-Matrix-animation-output-transform-array" count="51" stride="16"><param type="float4x4"/></accessor></technique_common></source><source id="LLeg2-Interpolations"><Name_array id="LLeg2-Interpolations-array" count="51">
 LINEAR LINEAR LINEAR LINEAR LINEAR LINEAR LINEAR LINEAR LINEAR LINEAR LINEAR
LINEAR LINEAR LINEAR LINEAR LINEAR LINEAR LINEAR LINEAR LINEAR LINEAR LINEAR LINEAR
LINEAR LINEAR LINEAR LINEAR LINEAR LINEAR LINEAR LINEAR LINEAR LINEAR LINEAR LINEAR
LINEAR LINEAR LINEAR LINEAR LINEAR LINEAR LINEAR LINEAR LINEAR LINEAR LINEAR LINEAR
LINEAR LINEAR LINEAR LINEAR</Name_array><technique_common><accessor source="#LLeg2-Interpolations-array" count="51"><param type="name"/></accessor></technique_common></source><sampler id="LLeg2-Matrix-animation-transform"><input semantic="INPUT" source="#LLeg2-Matrix-animation-input"/><input semantic="OUTPUT" source="#LLeg2-Matrix-animation-output-transform"/><input semantic="INTERPOLATION" source="#LLeg2-Interpolations"/></sampler><channel source="#LLeg2-Matrix-animation-transform" target="LLeg2/matrix"/></animation></animation>
    <animation id="LLegAnkle-anim" name="LLegAnkle"><animation><source id="LLegAnkle-Matrix-animation-input"><float_array id="LLegAnkle-Matrix-animation-input-array" count="51">

0.000000 0.033333 0.066667 0.100000 0.133333 0.166667 0.200000 0.233333 0.266667 0.300000 0.333333 0.366667 0.400000 0.433333 0.466667 0.500000
0.533333 0.566667 0.600000 0.633333 0.666667 0.700000 0.733333 0.766667 0.800000 0.833333 0.866667 0.900000 0.933333 0.966667 1.000000 1.033333
1.066667 1.100000 1.133333 1.166667 1.200000 1.233333 1.266667 1.300000 1.333333 1.366667 1.400000 1.433333 1.466667 1.500000 1.533333 1.566667
1.600000 1.633333 1.666667</float_array><technique_common><accessor source="#LLegAnkle-Matrix-animation-input-array" count="51"><param name="TIME" type="float"/></accessor></technique_common></source><source id="LLegAnkle-Matrix-animation-output-transform"><float_array id="LLegAnkle-Matrix-animation-output-transform-array" count="816">

-0.518380 -0.848829 0.103792 42.417767 0.801917 -0.524671 -0.285744 -0.000002 0.297004 -0.064891 0.952669 0.000000 0.000000 0.000000 0.000000 1.000000
-0.523693 -0.845193 0.106745 42.417770 0.798157 -0.530587 -0.285349 0.000001 0.297812 -0.064236 0.952461 0.000001 0.000000 0.000000 0.000000 1.000000
-0.538554 -0.834829 0.114109 42.417767 0.787744 -0.546921 -0.283441 -0.000003 0.299034 -0.062759 0.952177 -0.000001 0.000000 0.000000 0.000000 1.000000
-0.557854 -0.820479 0.124961 42.417767 0.773000 -0.568466 -0.281635 -0.000000 0.302112 -0.060516 0.951350 -0.000001 0.000000 0.000000 0.000000 1.000000
-0.578370 -0.804376 0.135896 42.417770 0.757607 -0.591402 -0.276183 0.000000 0.302524 -0.056780 0.951449 0.000000 0.000000 0.000000 0.000000 1.000000
-0.598650 -0.787205 0.148082 42.417770 0.740459 -0.614367 -0.272533 -0.000000 0.305516 -0.053503 0.950683 0.000000 0.000000 0.000000 0.000000 1.000000
-0.614915 -0.772209 0.159917 42.417767 0.725459 -0.633436 -0.269199 -0.000001 0.309175 -0.049521 0.949715 -0.000001 0.000000 0.000000 0.000000 1.000000
-0.625471 -0.761551 0.169783 42.417770 0.715409 -0.646600 -0.264764 -0.000003 0.311413 -0.044138 0.949249 -0.000001 0.000000 0.000000 0.000000 1.000000
-0.631820 -0.754316 0.178361 42.417763 0.708564 -0.655358 -0.261617 0.000001 0.314232 -0.038915 0.948549 0.000000 0.000000 0.000000 0.000000 1.000000
-0.632101 -0.752448 0.185125 42.417770 0.707118 -0.657825 -0.259328 -0.000002 0.316911 -0.033016 0.947881 -0.000002 0.000000 0.000000 0.000000 1.000000
-0.628278 -0.754436 0.189985 42.417767 0.709507 -0.655808 -0.257908 -0.000000 0.319169 -0.027242 0.947307 0.000001 0.000000 0.000000 0.000000 1.000000
-0.620512 -0.760027 0.193197 42.417767 0.715439 -0.649537 -0.257389 -0.000000 0.321111 -0.021493 0.946798 0.000001 0.000000 0.000000 0.000000 1.000000
-0.611766 -0.766635 0.194971 42.417763 0.722323 -0.641868 -0.257402 0.000002 0.322479 -0.016639 0.946431 0.000002 0.000000 0.000000 0.000000 1.000000
-0.603813 -0.772675 0.195918 42.417770 0.728503 -0.634670 -0.257836 0.000000 0.323566 -0.012958 0.946117 -0.000001 0.000000 0.000000 0.000000 1.000000
-0.601262 -0.774695 0.195790 42.417763 0.730811 -0.632229 -0.257297 0.000001 0.323110 -0.011617 0.946290 0.000000 0.000000 0.000000 0.000000 1.000000
-0.678549 -0.710800 0.185296 42.417767 0.660421 -0.700773 -0.269743 -0.000001 0.321584 -0.060660 0.944937 -0.000000 0.000000 0.000000 0.000000 1.000000
-0.798453 -0.581839 0.154718 42.417767 0.524550 -0.798430 -0.295562 -0.000000 0.295500 -0.154835 0.942712 0.000000 0.000000 0.000000 0.000000 1.000000
-0.851215 -0.514809 0.102010 42.417770 0.461668 -0.826948 -0.320967 -0.000001 0.249594 -0.226117 0.941581 -0.000001 0.000000 0.000000 0.000000 1.000000
-0.827899 -0.559945 0.032346 42.417767 0.517697 -0.785078 -0.340063 0.000003 0.215811 -0.264792 0.939846 -0.000001 0.000000 0.000000 0.000000 1.000000
-0.646970 -0.756095 -0.098748 42.417767 0.732385 -0.580128 -0.356461 0.000000 0.212232 -0.302941 0.929078 0.000000 0.000000 0.000000 0.000000 1.000000
0.529138 -0.827134 -0.189375 42.417763 0.816466 0.557074 -0.151830 0.000000 0.231079 -0.074279 0.970096 -0.000001 0.000000 0.000000 0.000000 1.000000
0.788273 -0.598379 -0.143421 42.417763 0.587907 0.801205 -0.111520 0.000000 0.181641 0.003590 0.983359 0.000000 0.000000 0.000000 0.000000 1.000000
0.785939 -0.601170 -0.144555 42.417770 0.590263 0.799110 -0.114075 -0.000000 0.184093 0.004330 0.982900 0.000001 0.000000 0.000000 0.000000 1.000000
0.776452 -0.613137 -0.145555 42.417770 0.602154 0.789975 -0.115548 0.000001 0.185831 0.002072 0.982580 -0.000000 0.000000 0.000000 0.000000 1.000000
0.761282 -0.631277 -0.148125 42.417763 0.619659 0.775558 -0.120556 0.000000 0.190983 -0.000010 0.981594 0.000001 0.000000 0.000000 0.000000 1.000000
0.738909 -0.656530 -0.151603 42.417763 0.644010 0.754293 -0.127647 -0.000002 0.198157 -0.003314 0.980165 0.000000 0.000000 0.000000 0.000000 1.000000
0.706592 -0.690174 -0.156169 42.417767 0.676445 0.723592 -0.137248 -0.000001 0.207728 -0.008661 0.978149 -0.000002 0.000000 0.000000 0.000000 1.000000
0.667194 -0.727339 -0.160720 42.417767 0.712076 0.686114 -0.148981 -0.000000 0.218632 -0.015045 0.975692 -0.000001 0.000000 0.000000 0.000000 1.000000
0.610743 -0.774301 -0.165685 42.417763 0.757572 0.632266 -0.162252 -0.000003 0.230388 -0.026424 0.972740 0.000002 0.000000 0.000000 0.000000 1.000000
0.540627 -0.823722 -0.170897 42.417767 0.804619 0.565598 -0.180795 -0.000000 0.245584 -0.039764 0.968560 -0.000000 0.000000 0.000000 0.000000 1.000000
0.452647 -0.874411 -0.174690 42.417763 0.852978 0.481703 -0.200980 -0.000000 0.259887 -0.058034 0.963894 -0.000002 0.000000 0.000000 0.000000 1.000000
0.341323 -0.923186 -0.176708 42.417770 0.899386 0.375401 -0.224009 0.000001 0.273139 -0.082469 0.958434 -0.000001 0.000000 0.000000 0.000000 1.000000
0.215300 -0.960655 -0.175465 42.417767 0.934373 0.254883 -0.248961 -0.000000 0.283889 -0.110349 0.952487 0.000002 0.000000 0.000000 0.000000 1.000000
0.076766 -0.982406 -0.170253 42.417770 0.954457 0.121783 -0.272361 0.000001 0.288303 -0.141591 0.947013 0.000002 0.000000 0.000000 0.000000 1.000000
-0.064935 -0.984790 -0.161162 42.417767 0.954888 -0.014421 -0.296617 0.000002 0.289781 -0.173153 0.941300 -0.000000 0.000000 0.000000 0.000000 1.000000
-0.199533 -0.968520 -0.148849 42.417763 0.937830 -0.144725 -0.315483 0.000000 0.284009 -0.202545 0.937185 0.000000 0.000000 0.000000 0.000000 1.000000
-0.319499 -0.938000 -0.134455 42.417770 0.906595 -0.261303 -0.331372 -0.000002 0.275694 -0.227769 0.933871 0.000000 0.000000 0.000000 0.000000 1.000000
-0.437195 -0.896670 -0.069600 42.417767 0.855021 -0.390391 -0.341372 -0.000000 0.278927 -0.208756 0.937348 0.000000 0.000000 0.000000 0.000000 1.000000
-0.472284 -0.880602 -0.038580 42.417763 0.835192 -0.433080 -0.338964 0.000000 0.281784 -0.192309 0.940008 0.000002 0.000000 0.000000 0.000000 1.000000
-0.492913 -0.869964 -0.014189 42.417763 0.822489 -0.460571 -0.333748 -0.000001 0.283813 -0.176179 0.942556 0.000001 0.000000 0.000000 0.000000 1.000000
-0.506137 -0.862428 0.006635 42.417763 0.813687 -0.480053 -0.327817 0.000002 0.285904 -0.160522 0.944718 0.000001 0.000000 0.000000 0.000000 1.000000
-0.514548 -0.857093 0.025147 42.417763 0.807497 -0.494221 -0.322018 0.000001 0.288428 -0.145387 0.946400 -0.000000 0.000000 0.000000 0.000000 1.000000
-0.519583 -0.853424 0.041246 42.417767 0.803596 -0.504508 -0.315762 -0.000000 0.290288 -0.130920 0.947942 0.000001 0.000000 0.000000 0.000000 1.000000
-0.522461 -0.850861 0.055412 42.417763 0.801154 -0.512106 -0.309678 0.000001 0.291870 -0.117401 0.949226 0.000001 0.000000 0.000000 0.000000 1.000000
-0.523500 -0.849323 0.067824 42.417770 0.799944 -0.517344 -0.304047 0.000001 0.293322 -0.104913 0.950240 0.000001 0.000000 0.000000 0.000000 1.000000
-0.522706 -0.848894 0.078475 42.417770 0.799994 -0.520231 -0.298948 0.000000 0.294600 -0.093483 0.951038 0.000000 0.000000 0.000000 0.000000 1.000000
-0.522313 -0.848241 0.087617 42.417770 0.799651 -0.522886 -0.295211 0.000000 0.296224 -0.084129 0.951407 -0.000001 0.000000 0.000000 0.000000 1.000000
-0.520444 -0.848655 0.094461 42.417767 0.800812 -0.523490 -0.290961 -0.000001 0.296375 -0.075784 0.952061 -0.000000 0.000000 0.000000 0.000000 1.000000
-0.519259 -0.848785 0.099673 42.417767 0.801374 -0.524109 -0.288289 -0.000000 0.296935 -0.069821 0.952342 -0.000000 0.000000 0.000000 0.000000 1.000000
-0.518428 -0.848909 0.102891 42.417767 0.801790 -0.524390 -0.286616 0.000002 0.297266 -0.066093 0.952505 0.000001 0.000000 0.000000 0.000000 1.000000
-0.518380 -0.848829 0.103792 42.417767 0.801917 -0.524671 -0.285744 -0.000002 0.297004 -0.064891 0.952669 0.000000 0.000000 0.000000 0.000000 1.000000</float_array><technique_common><accessor source="#LLegAnkle-Matrix-animation-output-transform-array" count="51" stride="16"><param type="float4x4"/></accessor></technique_common></source><source id="LLegAnkle-Interpolations"><Name_array id="LLegAnkle-Interpolations-array" count="51">
 LINEAR LINEAR LINEAR LINEAR LINEAR LINEAR LINEAR LINEAR LINEAR LINEAR LINEAR
LINEAR LINEAR LINEAR LINEAR LINEAR LINEAR LINEAR LINEAR LINEAR LINEAR LINEAR LINEAR
