<?xml version="1.0" encoding="utf-8"?>
<COLLADA xmlns="http://www.collada.org/2005/11/COLLADASchema" version="1.4.1">
  <asset><contributor><author></author><authoring_tool>FBX COLLADA exporter</authoring_tool><comments></comments></contributor><created>2015-05-01T22:32:48Z</created><keywords></keywords><modified>2015-05-01T22:32:48Z</modified><revision></revision><subject></subject><title></title><unit meter="1.000000" name="centimeter"></unit><up_axis>Y_UP</up_axis></asset>
  <library_animations>
    <animation id="DroidControl-anim" name="DroidControl"><animation><source id="DroidControl-Matrix-animation-input"><float_array id="DroidControl-Matrix-animation-input-array" count="0">
</float_array><technique_common><accessor source="#DroidControl-Matrix-animation-input-array" count="0"><param name="TIME" type="float"/></accessor></technique_common></source><source id="DroidControl-Matrix-animation-output-transform"><float_array id="DroidControl-Matrix-animation-output-transform-array" count="0">
</float_array><technique_common><accessor source="#DroidControl-Matrix-animation-output-transform-array" count="0" stride="16"><param type="float4x4"/></accessor></technique_common></source><source id="DroidControl-Interpolations"><Name_array id="DroidControl-Interpolations-array" count="0">
</Name_array><technique_common><accessor source="#DroidControl-Interpolations-array" count="0"><param type="name"/></accessor></technique_common></source><sampler id="DroidControl-Matrix-animation-transform"><input semantic="INPUT" source="#DroidControl-Matrix-animation-input"/><input semantic="OUTPUT" source="#DroidControl-Matrix-animation-output-transform"/><input semantic="INTERPOLATION" source="#DroidControl-Interpolations"/></sampler><channel source="#DroidControl-Matrix-animation-transform" target="DroidControl/matrix"/></animation></animation>
    <animation id="Pelvis-anim" name="Pelvis"><animation><source id="Pelvis-Matrix-animation-input"><float_array id="Pelvis-Matrix-animation-input-array" count="51">

0.000000 0.033333 0.066667 0.100000 0.133333 0.166667 0.200000 0.233333 0.266667 0.300000 0.333333 0.366667 0.400000 0.433333 0.466667 0.500000
0.533333 0.566667 0.600000 0.633333 0.666667 0.700000 0.733333 0.766667 0.800000 0.833333 0.866667 0.900000 0.933333 0.966667 1.000000 1.033333
1.066667 1.100000 1.133333 1.166667 1.200000 1.233333 1.266667 1.300000 1.333333 1.366667 1.400000 1.433333 1.466667 1.500000 1.533333 1.566667
1.600000 1.633333 1.666667</float_array><technique_common><accessor source="#Pelvis-Matrix-animation-input-array" count="51"><param name="TIME" type="float"/></accessor></technique_common></source><source id="Pelvis-Matrix-animation-output-transform"><float_array id="Pelvis-Matrix-animation-output-transform-array" count="816">

0.000000 -0.000000 1.000000 -0.000000 1.000000 0.000000 -0.000000 72.557053 0.000000 1.000000 0.000000 1.670779 0.000000 0.000000 0.000000 1.000000
0.000000 -0.000000 1.000000 -0.000000 1.000000 0.000000 -0.000000 71.835838 0.000000 1.000000 0.000000 1.822622 0.000000 0.000000 0.000000 1.000000
0.000000 -0.000000 1.000000 -0.000000 1.000000 0.000000 -0.000000 69.858307 0.000000 1.000000 0.000000 2.248674 0.000000 0.000000 0.000000 1.000000
0.000000 -0.000000 1.000000 -0.000000 1.000000 0.000000 -0.000000 66.903641 0.000000 1.000000 0.000000 2.904715 0.000000 0.000000 0.000000 1.000000
0.000000 -0.000000 1.000000 -0.000000 1.000000 0.000000 -0.000000 63.251030 0.000000 1.000000 0.000000 3.746529 0.000000 0.000000 0.000000 1.000000
0.000000 -0.000000 1.000000 -0.000000 1.000000 0.000000 -0.000000 59.179642 0.000000 1.000000 0.000000 4.729897 0.000000 0.000000 0.000000 1.000000
0.000000 -0.000000 1.000000 -0.000000 1.000000 0.000000 -0.000000 54.968666 0.000000 1.000000 0.000000 5.810602 0.000000 0.000000 0.000000 1.000000
0.000000 -0.000000 1.000000 -0.000000 1.000000 0.000000 -0.000000 50.897282 0.000000 1.000000 0.000000 6.944424 0.000000 0.000000 0.000000 1.000000
0.000000 -0.000000 1.000000 -0.000000 1.000000 0.000000 -0.000000 47.244667 0.000000 1.000000 0.000000 8.087148 0.000000 0.000000 0.000000 1.000000
0.000000 -0.000000 1.000000 -0.000000 1.000000 0.000000 -0.000000 44.290005 0.000000 1.000000 0.000000 9.194552 0.000000 0.000000 0.000000 1.000000
0.000000 -0.000000 1.000000 -0.000000 1.000000 0.000000 -0.000000 42.312473 0.000000 1.000000 0.000000 10.222424 0.000000 0.000000 0.000000 1.000000
0.000000 -0.000000 1.000000 -0.000000 1.000000 0.000000 -0.000000 41.591259 0.000000 1.000000 0.000000 11.126539 0.000000 0.000000 0.000000 1.000000
0.000000 -0.000000 1.000000 -0.128598 0.996655 -0.081721 -0.000000 46.012108 0.081721 0.996655 0.000000 11.927821 0.000000 0.000000 0.000000 1.000000
0.000000 -0.000000 1.000000 -0.411515 0.965926 -0.258819 -0.000000 55.737984 0.258819 0.965926 0.000000 12.682187 0.000000 0.000000 0.000000 1.000000
0.000000 -0.000000 1.000000 -0.694431 0.903990 -0.427555 -0.000000 65.463860 0.427555 0.903990 0.000000 13.397915 0.000000 0.000000 0.000000 1.000000
-0.000000 -0.000000 1.000000 -0.823030 0.866026 -0.500000 0.000000 69.884712 0.500000 0.866026 0.000000 14.083284 0.000000 0.000000 0.000000 1.000000
-0.000000 -0.000000 1.000000 -0.823030 0.869891 -0.493244 0.000000 69.805359 0.493244 0.869891 0.000000 14.794730 0.000000 0.000000 0.000000 1.000000
-0.000000 -0.000000 1.000000 -0.823030 0.880484 -0.474076 0.000000 69.582077 0.474076 0.880484 0.000000 15.571834 0.000000 0.000000 0.000000 1.000000
0.000000 -0.000000 1.000000 -0.823030 0.896022 -0.444009 -0.000000 69.237000 0.444009 0.896022 0.000000 16.397593 0.000000 0.000000 0.000000 1.000000
0.000000 -0.000000 1.000000 -0.823030 0.914532 -0.404515 -0.000000 68.792267 0.404515 0.914532 0.000000 17.255001 0.000000 0.000000 0.000000 1.000000
0.000000 -0.000000 1.000000 -0.823030 0.934043 -0.357160 -0.000000 68.270035 0.357160 0.934043 0.000000 18.127060 0.000000 0.000000 0.000000 1.000000
0.000000 -0.000000 1.000000 -0.823030 0.952768 -0.303700 -0.000000 67.692444 0.303700 0.952768 0.000000 18.996761 0.000000 0.000000 0.000000 1.000000
0.000000 -0.000000 1.000000 -0.823030 0.969242 -0.246109 -0.000000 67.081635 0.246109 0.969242 0.000000 19.847107 0.000000 0.000000 0.000000 1.000000
0.000000 -0.000000 1.000000 -0.823030 0.982442 -0.186568 -0.000000 66.459747 0.186568 0.982442 0.000000 20.661089 0.000000 0.000000 0.000000 1.000000
0.000000 -0.000000 1.000000 -0.823030 0.991850 -0.127410 -0.000000 65.848938 0.127410 0.991850 0.000000 21.421707 0.000000 0.000000 0.000000 1.000000
0.000000 -0.000000 1.000000 -0.823030 0.997473 -0.071046 -0.000000 65.271347 0.071046 0.997473 0.000000 22.111958 0.000000 0.000000 0.000000 1.000000
0.000000 -0.000000 1.000000 -0.823030 0.999802 -0.019882 -0.000000 64.749115 0.019882 0.999802 0.000000 22.714836 0.000000 0.000000 0.000000 1.000000
0.000000 -0.000000 1.000000 -0.823030 0.999718 0.023735 0.000000 64.304382 -0.023735 0.999718 0.000000 23.213339 0.000000 0.000000 0.000000 1.000000
0.000000 -0.000000 1.000000 -0.823030 0.998343 0.057551 0.000000 63.959305 -0.057551 0.998343 0.000000 23.590464 0.000000 0.000000 0.000000 1.000000
0.000000 -0.000000 1.000000 -0.823030 0.996843 0.079400 0.000000 63.736019 -0.079400 0.996843 0.000000 23.829208 0.000000 0.000000 0.000000 1.000000
0.000000 -0.000000 1.000000 -0.823030 0.996195 0.087156 0.000000 63.656670 -0.087156 0.996195 0.000000 23.912569 0.000000 0.000000 0.000000 1.000000
0.000000 -0.000000 1.000000 -0.823030 0.999465 0.032719 0.000000 64.943916 -0.032719 0.999465 0.000000 21.049324 0.000000 0.000000 0.000000 1.000000
0.000000 -0.000000 1.000000 -0.823030 0.996195 -0.087155 -0.000000 67.775848 0.087155 0.996195 0.000000 14.347693 0.000000 0.000000 0.000000 1.000000
0.000000 -0.000000 1.000000 -0.823030 0.978599 -0.205777 -0.000000 70.607788 0.205777 0.978599 0.000000 6.639853 0.000000 0.000000 0.000000 1.000000
0.000000 -0.000000 1.000000 -0.823030 0.965926 -0.258819 -0.000000 71.895035 0.258819 0.965926 0.000000 0.757982 0.000000 0.000000 0.000000 1.000000
0.000000 -0.000000 1.000000 -0.609652 0.981255 -0.192712 -0.000000 61.820431 0.192712 0.981255 0.000000 -2.332123 0.000000 0.000000 0.000000 1.000000
0.000000 -0.000000 1.000000 -0.213378 0.997697 -0.067821 -0.000000 43.110455 0.067821 0.997697 0.000000 -3.854396 0.000000 0.000000 0.000000 1.000000
0.000000 -0.000000 1.000000 -0.000000 1.000000 0.000000 -0.000000 33.035854 0.000000 1.000000 0.000000 -4.261278 0.000000 0.000000 0.000000 1.000000
0.000000 -0.000000 1.000000 -0.000000 1.000000 0.000000 -0.000000 33.701435 0.000000 1.000000 0.000000 -4.161376 0.000000 0.000000 0.000000 1.000000
0.000000 -0.000000 1.000000 -0.000000 1.000000 0.000000 -0.000000 35.554272 0.000000 1.000000 0.000000 -3.883268 0.000000 0.000000 0.000000 1.000000
0.000000 -0.000000 1.000000 -0.000000 1.000000 0.000000 -0.000000 38.378502 0.000000 1.000000 0.000000 -3.459357 0.000000 0.000000 0.000000 1.000000
0.000000 -0.000000 1.000000 -0.000000 1.000000 0.000000 -0.000000 41.958256 0.000000 1.000000 0.000000 -2.922043 0.000000 0.000000 0.000000 1.000000
0.000000 -0.000000 1.000000 -0.000000 1.000000 0.000000 -0.000000 46.077671 0.000000 1.000000 0.000000 -2.303726 0.000000 0.000000 0.000000 1.000000
0.000000 -0.000000 1.000000 -0.000000 1.000000 0.000000 -0.000000 50.520882 0.000000 1.000000 0.000000 -1.636809 0.000000 0.000000 0.000000 1.000000
0.000000 -0.000000 1.000000 -0.000000 1.000000 0.000000 -0.000000 55.072029 0.000000 1.000000 0.000000 -0.953690 0.000000 0.000000 0.000000 1.000000
0.000000 -0.000000 1.000000 -0.000000 1.000000 0.000000 -0.000000 59.515240 0.000000 1.000000 0.000000 -0.286773 0.000000 0.000000 0.000000 1.000000
0.000000 -0.000000 1.000000 -0.000000 1.000000 0.000000 -0.000000 63.634655 0.000000 1.000000 0.000000 0.331544 0.000000 0.000000 0.000000 1.000000
0.000000 -0.000000 1.000000 -0.000000 1.000000 0.000000 -0.000000 67.214409 0.000000 1.000000 0.000000 0.868858 0.000000 0.000000 0.000000 1.000000
0.000000 -0.000000 1.000000 -0.000000 1.000000 0.000000 -0.000000 70.038635 0.000000 1.000000 0.000000 1.292769 0.000000 0.000000 0.000000 1.000000
0.000000 -0.000000 1.000000 -0.000000 1.000000 0.000000 -0.000000 71.891464 0.000000 1.000000 0.000000 1.570876 0.000000 0.000000 0.000000 1.000000
0.000000 -0.000000 1.000000 -0.000000 1.000000 0.000000 -0.000000 72.557053 0.000000 1.000000 0.000000 1.670779 0.000000 0.000000 0.000000 1.000000</float_array><technique_common><accessor source="#Pelvis-Matrix-animation-output-transform-array" count="51" stride="16"><param type="float4x4"/></accessor></technique_common></source><source id="Pelvis-Interpolations"><Name_array id="Pelvis-Interpolations-array" count="51">
 LINEAR LINEAR LINEAR LINEAR LINEAR LINEAR LINEAR LINEAR LINEAR LINEAR LINEAR
LINEAR LINEAR LINEAR LINEAR LINEAR LINEAR LINEAR LINEAR LINEAR LINEAR LINEAR LINEAR
LINEAR LINEAR LINEAR LINEAR LINEAR LINEAR LINEAR LINEAR LINEAR LINEAR LINEAR LINEAR
LINEAR LINEAR LINEAR LINEAR LINEAR LINEAR LINEAR LINEAR LINEAR LINEAR LINEAR LINEAR
LINEAR LINEAR LINEAR LINEAR</Name_array><technique_common><accessor source="#Pelvis-Interpolations-array" count="51"><param type="name"/></accessor></technique_common></source><sampler id="Pelvis-Matrix-animation-transform"><input semantic="INPUT" source="#Pelvis-Matrix-animation-input"/><input semantic="OUTPUT" source="#Pelvis-Matrix-animation-output-transform"/><input semantic="INTERPOLATION" source="#Pelvis-Interpolations"/></sampler><channel source="#Pelvis-Matrix-animation-transform" target="Pelvis/matrix"/></animation></animation>
    <animation id="LLeg1-anim" name="LLeg1"><animation><source id="LLeg1-Matrix-animation-input"><float_array id="LLeg1-Matrix-animation-input-array" count="51">

0.000000 0.033333 0.066667 0.100000 0.133333 0.166667 0.200000 0.233333 0.266667 0.300000 0.333333 0.366667 0.400000 0.433333 0.466667 0.500000
0.533333 0.566667 0.600000 0.633333 0.666667 0.700000 0.733333 0.766667 0.800000 0.833333 0.866667 0.900000 0.933333 0.966667 1.000000 1.033333
1.066667 1.100000 1.133333 1.166667 1.200000 1.233333 1.266667 1.300000 1.333333 1.366667 1.400000 1.433333 1.466667 1.500000 1.533333 1.566667
1.600000 1.633333 1.666667</float_array><technique_common><accessor source="#LLeg1-Matrix-animation-input-array" count="51"><param name="TIME" type="float"/></accessor></technique_common></source><source id="LLeg1-Matrix-animation-output-transform"><float_array id="LLeg1-Matrix-animation-output-transform-array" count="816">

-0.984707 0.169572 -0.039970 0.000000 0.170062 0.985391 -0.009190 -0.000000 0.037828 -0.015847 -0.999158 7.451146 0.000000 0.000000 0.000000 1.000000
-0.974796 0.219197 -0.041540 0.000000 0.219742 0.975517 -0.008976 -0.000000 0.038555 -0.017878 -0.999096 7.451146 0.000000 0.000000 0.000000 1.000000
-0.946675 0.319026 -0.045043 0.000000 0.319697 0.947483 -0.008377 -0.000000 0.040005 -0.022330 -0.998950 7.451145 0.000000 0.000000 0.000000 1.000000
-0.904362 0.423905 -0.049341 0.000000 0.424745 0.905282 -0.007500 -0.000000 0.041488 -0.027740 -0.998754 7.451145 0.000000 0.000000 0.000000 1.000000
-0.853137 0.518878 -0.054065 0.000000 0.519927 0.854186 -0.006496 -0.000000 0.042811 -0.033653 -0.998516 7.451145 0.000000 0.000000 0.000000 1.000000
-0.798455 0.599149 -0.059069 0.000000 0.600450 0.799644 -0.005534 -0.000000 0.043918 -0.039886 -0.998238 7.451145 0.000000 0.000000 0.000000 1.000000
-0.745611 0.663277 -0.064258 0.000000 0.664872 0.746942 -0.004778 -0.000000 0.044828 -0.046287 -0.997922 7.451145 0.000000 0.000000 0.000000 1.000000
-0.699519 0.711228 -0.069486 0.000000 0.713158 0.700990 -0.004382 -0.000000 0.045592 -0.052620 -0.997573 7.451145 0.000000 0.000000 0.000000 1.000000
-0.664426 0.743635 -0.074468 0.000000 0.745919 0.666022 -0.004446 0.000000 0.046291 -0.058501 -0.997213 7.451146 0.000000 0.000000 0.000000 1.000000
-0.643489 0.761394 -0.078745 0.000000 0.764009 0.645186 -0.004964 0.000000 0.047026 -0.063356 -0.996882 7.451145 0.000000 0.000000 0.000000 1.000000
-0.638371 0.765382 -0.081683 0.000000 0.768239 0.640137 -0.005780 0.000000 0.047865 -0.066442 -0.996641 7.451145 0.000000 0.000000 0.000000 1.000000
-0.649286 0.756046 -0.082597 0.000000 0.758978 0.651083 -0.006609 0.000000 0.048781 -0.066981 -0.996561 7.451146 0.000000 0.000000 0.000000 1.000000
-0.660071 0.749411 -0.051850 0.000000 0.750460 0.660914 -0.001180 0.000000 0.033384 -0.039691 -0.998654 7.451145 0.000000 0.000000 0.000000 1.000000
-0.683192 0.730238 -0.000698 0.000000 0.730238 0.683192 -0.001201 0.000000 -0.000400 -0.001330 -0.999999 7.451145 0.000000 0.000000 0.000000 1.000000
-0.766965 0.640645 0.036602 0.000000 0.640666 0.767715 -0.012684 -0.000000 -0.036225 0.013722 -0.999249 7.451145 0.000000 0.000000 0.000000 1.000000
-0.879541 0.472854 0.053070 0.000000 0.472376 0.881123 -0.022010 0.000000 -0.057169 0.005710 -0.998348 7.451145 0.000000 0.000000 0.000000 1.000000
-0.852025 0.520881 0.052309 0.000000 0.520507 0.853584 -0.021607 -0.000000 -0.055905 0.008817 -0.998397 7.451145 0.000000 0.000000 0.000000 1.000000
-0.814283 0.578161 0.051705 -0.000000 0.577956 0.815814 -0.020338 0.000000 -0.053941 0.013322 -0.998455 7.451146 0.000000 0.000000 0.000000 1.000000
-0.776089 0.628508 0.051601 0.000000 0.628494 0.777594 -0.018528 -0.000002 -0.051770 0.018052 -0.998496 7.451145 0.000000 0.000000 0.000000 1.000000
-0.741001 0.669487 0.052009 0.000000 0.669672 0.742477 -0.016347 -0.000001 -0.049560 0.022716 -0.998513 7.451145 0.000000 0.000000 0.000000 1.000000
-0.710260 0.701952 0.052862 0.000000 0.702343 0.711703 -0.013909 -0.000002 -0.047386 0.027249 -0.998505 7.451145 0.000000 0.000000 0.000000 1.000000
-0.684065 0.727413 0.054080 0.000000 0.728013 0.685470 -0.011301 -0.000002 -0.045291 0.031640 -0.998473 7.451145 0.000000 0.000000 0.000000 1.000000
-0.662100 0.747351 0.055584 -0.000000 0.748163 0.663459 -0.008602 -0.000002 -0.043307 0.035890 -0.998417 7.451145 0.000000 0.000000 0.000000 1.000000
-0.643811 0.763036 0.057299 -0.000000 0.764061 0.645118 -0.005888 -0.000002 -0.041457 0.039989 -0.998340 7.451145 0.000000 0.000000 0.000000 1.000000
-0.628596 0.775480 0.059145 0.000000 0.776715 0.629844 -0.003232 -0.000002 -0.039758 0.043907 -0.998244 7.451146 0.000000 0.000000 0.000000 1.000000
-0.615930 0.785433 0.061038 0.000000 0.786873 0.617115 -0.000718 -0.000002 -0.038231 0.047587 -0.998135 7.451145 0.000000 0.000000 0.000000 1.000000
-0.605450 0.793396 0.062872 -0.000000 0.795028 0.606571 0.001570 -0.000002 -0.036891 0.050936 -0.998020 7.451145 0.000000 0.000000 0.000000 1.000000
-0.597003 0.799638 0.064542 0.000000 0.801440 0.598064 0.003531 -0.000002 -0.035776 0.053835 -0.997909 7.451145 0.000000 0.000000 0.000000 1.000000
-0.590644 0.804237 0.065902 0.000000 0.806176 0.591653 0.005068 -0.000002 -0.034915 0.056123 -0.997813 7.451145 0.000000 0.000000 0.000000 1.000000
-0.586598 0.807118 0.066819 0.000000 0.809149 0.587572 0.006070 -0.000002 -0.034362 0.057627 -0.997747 7.451146 0.000000 0.000000 0.000000 1.000000
-0.585178 0.808120 0.067151 0.000000 0.810185 0.586139 0.006428 -0.000002 -0.034165 0.058166 -0.997722 7.451146 0.000000 0.000000 0.000000 1.000000
-0.616911 0.784500 0.063089 0.000000 0.786162 0.618015 0.002517 -0.000002 -0.037015 0.051151 -0.998005 7.451145 0.000000 0.000000 0.000000 1.000000
-0.695339 0.716469 0.056359 0.000000 0.717376 0.696663 -0.005634 -0.000000 -0.043300 0.036513 -0.998394 7.451145 0.000000 0.000000 0.000000 1.000000
-0.808438 0.586209 0.052798 0.000000 0.586373 0.809922 -0.013946 0.000000 -0.050938 0.019685 -0.998508 7.451145 0.000000 0.000000 0.000000 1.000000
-0.905102 0.421749 0.054020 0.000000 0.421379 0.906694 -0.018616 0.000000 -0.056831 0.005913 -0.998366 7.451145 0.000000 0.000000 0.000000 1.000000
-0.635507 0.771645 0.026368 0.000000 0.771767 0.635862 -0.007416 0.000000 -0.022489 0.015637 -0.999625 7.451145 0.000000 0.000000 0.000000 1.000000
-0.271638 0.961631 -0.038467 -0.000000 0.962241 0.272102 0.007287 0.000000 0.017474 -0.035035 -0.999233 7.451146 0.000000 0.000000 0.000000 1.000000
-0.046972 0.993809 -0.100689 0.000000 0.998733 0.048549 0.013263 -0.000000 0.018069 -0.099939 -0.994829 7.451145 0.000000 0.000000 0.000000 1.000000
-0.070091 0.992599 -0.099167 0.000000 0.997347 0.071688 0.012624 -0.000000 0.019640 -0.098019 -0.994991 7.451145 0.000000 0.000000 0.000000 1.000000
-0.132114 0.986656 -0.095160 0.000000 0.990955 0.133746 0.010949 -0.000000 0.023531 -0.092852 -0.995402 7.451145 0.000000 0.000000 0.000000 1.000000
-0.220794 0.971195 -0.089614 0.000000 0.974909 0.222435 0.008637 -0.000000 0.028322 -0.085459 -0.995939 7.451145 0.000000 0.000000 0.000000 1.000000
-0.324679 0.942143 -0.083366 0.000000 0.945252 0.326285 0.006035 -0.000000 0.032886 -0.076843 -0.996501 7.451145 0.000000 0.000000 0.000000 1.000000
-0.434694 0.897283 -0.076974 0.000000 0.899834 0.436220 0.003371 -0.000000 0.036602 -0.067799 -0.997027 7.451145 0.000000 0.000000 0.000000 1.000000
-0.544199 0.835967 -0.070755 0.000000 0.838036 0.545614 0.000793 -0.000000 0.039268 -0.058864 -0.997493 7.451145 0.000000 0.000000 0.000000 1.000000
-0.648354 0.758573 -0.064841 0.000000 0.760240 0.649641 -0.001612 -0.000000 0.040901 -0.050340 -0.997894 7.451145 0.000000 0.000000 0.000000 1.000000
-0.743420 0.666192 -0.059277 0.000000 0.667528 0.744576 -0.003776 -0.000000 0.041621 -0.042377 -0.998234 7.451145 0.000000 0.000000 0.000000 1.000000
-0.826258 0.560690 -0.054068 0.000000 0.561755 0.827284 -0.005648 -0.000000 0.041563 -0.035039 -0.998521 7.451145 0.000000 0.000000 0.000000 1.000000
-0.894042 0.445268 -0.049246 0.000000 0.446113 0.894948 -0.007170 -0.000000 0.040880 -0.028379 -0.998761 7.451145 0.000000 0.000000 0.000000 1.000000
-0.944191 0.326322 -0.044916 0.000000 0.326992 0.944991 -0.008291 -0.000000 0.039740 -0.022516 -0.998956 7.451145 0.000000 0.000000 0.000000 1.000000
-0.974635 0.219917 -0.041492 0.000000 0.220461 0.975355 -0.008968 -0.000000 0.038497 -0.017888 -0.999098 7.451145 0.000000 0.000000 0.000000 1.000000
-0.984707 0.169572 -0.039970 0.000000 0.170062 0.985391 -0.009190 -0.000000 0.037828 -0.015847 -0.999158 7.451146 0.000000 0.000000 0.000000 1.000000</float_array><technique_common><accessor source="#LLeg1-Matrix-animation-output-transform-array" count="51" stride="16"><param type="float4x4"/></accessor></technique_common></source><source id="LLeg1-Interpolations"><Name_array id="LLeg1-Interpolations-array" count="51">
 LINEAR LINEAR LINEAR LINEAR LINEAR LINEAR LINEAR LINEAR LINEAR LINEAR LINEAR
LINEAR LINEAR LINEAR LINEAR LINEAR LINEAR LINEAR LINEAR LINEAR LINEAR LINEAR LINEAR
LINEAR LINEAR LINEAR LINEAR LINEAR LINEAR LINEAR LINEAR LINEAR LINEAR LINEAR LINEAR
LINEAR LINEAR LINEAR LINEAR LINEAR LINEAR LINEAR LINEAR LINEAR LINEAR LINEAR LINEAR
LINEAR LINEAR LINEAR LINEAR</Name_array><technique_common><accessor source="#LLeg1-Interpolations-array" count="51"><param type="name"/></accessor></technique_common></source><sampler id="LLeg1-Matrix-animation-transform"><input semantic="INPUT" source="#LLeg1-Matrix-animation-input"/><input semantic="OUTPUT" source="#LLeg1-Matrix-animation-output-transform"/><input semantic="INTERPOLATION" source="#LLeg1-Interpolations"/></sampler><channel source="#LLeg1-Matrix-animation-transform" target="LLeg1/matrix"/></animation></animation>
    <animation id="LLeg2-anim" name="LLeg2"><animation><source id="LLeg2-Matrix-animation-input"><float_array id="LLeg2-Matrix-animation-input-array" count="51">

0.000000 0.033333 0.066667 0.100000 0.133333 0.166667 0.200000 0.233333 0.266667 0.300000 0.333333 0.366667 0.400000 0.433333 0.466667 0.500000
0.533333 0.566667 0.600000 0.633333 0.666667 0.700000 0.733333 0.766667 0.800000 0.833333 0.866667 0.900000 0.933333 0.966667 1.000000 1.033333
1.066667 1.100000 1.133333 1.166667 1.200000 1.233333 1.266667 1.300000 1.333333 1.366667 1.400000 1.433333 1.466667 1.500000 1.533333 1.566667
1.600000 1.633333 1.666667</float_array><technique_common><accessor source="#LLeg2-Matrix-animation-input-array" count="51"><param name="TIME" type="float"/></accessor></technique_common></source><source id="LLeg2-Matrix-animation-output-transform"><float_array id="LLeg2-Matrix-animation-output-transform-array" count="816">

0.924544 0.380834 -0.013589 30.975624 -0.380967 0.924544 -0.009108 -0.000038 0.009095 0.013598 0.999866 -0.000006 0.000000 0.000000 0.000000 1.000000
0.885761 0.463847 -0.016554 30.975620 -0.464010 0.885797 -0.007724 -0.000040 0.011080 0.014523 0.999833 -0.000002 0.000000 0.000000 0.000000 1.000000
0.781874 0.623041 -0.022232 30.975609 -0.623260 0.782005 -0.004021 -0.000036 0.014881 0.017000 0.999745 -0.000005 0.000000 0.000000 0.000000 1.000000
0.631776 0.774659 -0.027638 30.975626 -0.774931 0.632045 0.001327 -0.000036 0.018496 0.020579 0.999617 -0.000003 0.000000 0.000000 0.000000 1.000000
0.456379 0.889220 -0.031730 30.975624 -0.889532 0.456810 0.007582 -0.000034 0.021237 0.024764 0.999468 -0.000005 0.000000 0.000000 0.000000 1.000000
0.273713 0.961201 -0.034297 30.975620 -0.961538 0.274312 0.014093 -0.000031 0.022954 0.029120 0.999312 -0.000003 0.000000 0.000000 0.000000 1.000000
0.099224 0.994433 -0.035482 30.975624 -0.994782 0.099984 0.020313 -0.000034 0.023747 0.033281 0.999164 -0.000003 0.000000 0.000000 0.000000 1.000000
-0.055178 0.997842 -0.035605 30.975615 -0.998192 -0.054277 0.025818 -0.000042 0.023830 0.036965 0.999032 -0.000002 0.000000 0.000000 0.000000 1.000000
-0.180664 0.982920 -0.035071 30.975620 -0.983265 -0.179647 0.030280 -0.000038 0.023463 0.039954 0.998926 -0.000001 0.000000 0.000000 0.000000 1.000000
-0.273291 0.961320 -0.034301 30.975620 -0.961657 -0.272189 0.033593 -0.000031 0.022957 0.042167 0.998847 -0.000001 0.000000 0.000000 0.000000 1.000000
-0.328027 0.944069 -0.033685 30.975618 -0.944399 -0.326874 0.035544 -0.000038 0.022545 0.043472 0.998800 -0.000005 0.000000 0.000000 0.000000 1.000000
-0.341739 0.939198 -0.033511 30.975616 -0.939527 -0.340574 0.036033 -0.000038 0.022429 0.043799 0.998789 -0.000003 0.000000 0.000000 0.000000 1.000000
-0.180013 0.983040 -0.035071 30.975622 -0.983383 -0.178994 0.030329 -0.000038 0.023537 0.039948 0.998925 -0.000004 0.000000 0.000000 0.000000 1.000000
0.228889 0.972834 -0.034711 30.975622 -0.973175 0.229530 0.015690 -0.000038 0.023231 0.030189 0.999274 -0.000002 0.000000 0.000000 0.000000 1.000000
0.724031 0.689330 -0.024596 30.975624 -0.689571 0.724216 -0.001960 -0.000034 0.016461 0.018380 0.999696 -0.000003 0.000000 0.000000 0.000000 1.000000
0.973173 0.229930 -0.008204 30.975620 -0.230011 0.973128 -0.010842 -0.000036 0.005491 0.012438 0.999908 -0.000002 0.000000 0.000000 0.000000 1.000000
0.948968 0.315174 -0.011246 30.975616 -0.315285 0.948945 -0.009979 -0.000040 0.007527 0.013015 0.999887 -0.000003 0.000000 0.000000 0.000000 1.000000
0.897962 0.439795 -0.015691 30.975624 -0.439949 0.897986 -0.008161 -0.000036 0.010501 0.014231 0.999844 -0.000003 0.000000 0.000000 0.000000 1.000000
0.826053 0.563235 -0.020092 30.975616 -0.563433 0.826143 -0.005590 -0.000036 0.013450 0.015938 0.999783 -0.000003 0.000000 0.000000 0.000000 1.000000
0.738212 0.674141 -0.024054 30.975620 -0.674377 0.738384 -0.002466 -0.000038 0.016099 0.018042 0.999708 -0.000002 0.000000 0.000000 0.000000 1.000000
0.639509 0.768296 -0.027399 30.975613 -0.768566 0.639770 0.001029 -0.000038 0.018320 0.020400 0.999624 -0.000005 0.000000 0.000000 0.000000 1.000000
0.536157 0.843582 -0.030104 30.975628 -0.843878 0.536515 0.004755 -0.000034 0.020162 0.022855 0.999536 -0.000004 0.000000 0.000000 0.000000 1.000000
0.431190 0.901688 -0.032166 30.975615 -0.902004 0.431645 0.008483 -0.000034 0.021533 0.025356 0.999447 -0.000001 0.000000 0.000000 0.000000 1.000000
0.329400 0.943589 -0.033708 30.975618 -0.943919 0.329952 0.012214 -0.000034 0.022647 0.027794 0.999357 -0.000002 0.000000 0.000000 0.000000 1.000000
0.233746 0.971681 -0.034649 30.975622 -0.972023 0.234379 0.015448 -0.000038 0.023132 0.030069 0.999280 -0.000003 0.000000 0.000000 0.000000 1.000000
0.147420 0.988446 -0.035260 30.975622 -0.988794 0.148133 0.018533 -0.000031 0.023542 0.032133 0.999206 -0.000004 0.000000 0.000000 0.000000 1.000000
0.072495 0.996735 -0.035562 30.975618 -0.997087 0.073276 0.021179 -0.000031 0.023715 0.033923 0.999143 -0.000001 0.000000 0.000000 0.000000 1.000000
0.011621 0.999298 -0.035644 30.975624 -0.999656 0.012449 0.023091 -0.000031 0.023519 0.035363 0.999098 -0.000002 0.000000 0.000000 0.000000 1.000000
-0.034376 0.998774 -0.035639 30.975618 -0.999125 -0.033493 0.025077 -0.000038 0.023853 0.036470 0.999050 -0.000001 0.000000 0.000000 0.000000 1.000000
-0.063438 0.997352 -0.035588 30.975620 -0.997702 -0.062528 0.026112 -0.000038 0.023817 0.037163 0.999025 -0.000003 0.000000 0.000000 0.000000 1.000000
-0.073635 0.996652 -0.035561 30.975618 -0.997001 -0.072717 0.026474 -0.000038 0.023800 0.037404 0.999017 -0.000003 0.000000 0.000000 0.000000 1.000000
0.063127 0.997371 -0.035586 30.975620 -0.997721 0.063920 0.021599 -0.000031 0.023817 0.034142 0.999133 -0.000000 0.000000 0.000000 0.000000 1.000000
0.396358 0.917513 -0.032738 30.975622 -0.917835 0.396845 0.009721 -0.000038 0.021911 0.026195 0.999417 -0.000002 0.000000 0.000000 0.000000 1.000000
0.774810 0.631792 -0.022543 30.975626 -0.632014 0.774948 -0.003770 -0.000038 0.015088 0.017169 0.999739 -0.000002 0.000000 0.000000 0.000000 1.000000
0.964438 0.264142 -0.009425 30.975613 -0.264235 0.964401 -0.010530 -0.000036 0.006308 0.012646 0.999900 -0.000001 0.000000 0.000000 0.000000 1.000000
0.426377 0.903971 -0.032254 30.975616 -0.904288 0.426836 0.008651 -0.000038 0.021587 0.025478 0.999442 -0.000004 0.000000 0.000000 0.000000 1.000000
-0.350897 0.935821 -0.033341 30.975622 -0.936145 -0.349721 0.036443 -0.000034 0.022444 0.044000 0.998780 -0.000003 0.000000 0.000000 0.000000 1.000000
-0.647624 0.761476 -0.027170 30.975616 -0.761744 -0.646177 0.046936 -0.000036 0.018184 0.051093 0.998528 -0.000003 0.000000 0.000000 0.000000 1.000000
-0.631210 0.775119 -0.027657 30.975622 -0.775391 -0.629778 0.046352 -0.000038 0.018510 0.050703 0.998542 -0.000002 0.000000 0.000000 0.000000 1.000000
-0.583701 0.811453 -0.028954 30.975616 -0.811737 -0.582313 0.044660 -0.000038 0.019379 0.049571 0.998583 -0.000003 0.000000 0.000000 0.000000 1.000000
-0.505848 0.862074 -0.030770 30.975620 -0.862377 -0.504532 0.041871 -0.000038 0.020571 0.047716 0.998649 -0.000002 0.000000 0.000000 0.000000 1.000000
-0.398921 0.916403 -0.032699 30.975616 -0.916724 -0.397703 0.038073 -0.000034 0.021886 0.045164 0.998740 -0.000005 0.000000 0.000000 0.000000 1.000000
-0.263192 0.964131 -0.034400 30.975620 -0.964469 -0.262099 0.033231 -0.000038 0.023023 0.041924 0.998855 -0.000004 0.000000 0.000000 0.000000 1.000000
-0.101990 0.994154 -0.035471 30.975618 -0.994502 -0.101046 0.027484 -0.000038 0.023740 0.038079 0.998993 -0.000002 0.000000 0.000000 0.000000 1.000000
0.079056 0.996237 -0.035545 30.975618 -0.996586 0.079834 0.021030 -0.000038 0.023789 0.033761 0.999147 -0.000005 0.000000 0.000000 0.000000 1.000000
0.271360 0.961867 -0.034322 30.975626 -0.962204 0.271961 0.014179 -0.000038 0.022972 0.029178 0.999310 0.000000 0.000000 0.000000 0.000000 1.000000
0.463374 0.885600 -0.031603 30.975620 -0.885910 0.463799 0.007335 -0.000034 0.021153 0.024599 0.999474 -0.000003 0.000000 0.000000 0.000000 1.000000
0.640958 0.767088 -0.027376 30.975622 -0.767357 0.641220 0.001005 -0.000038 0.018325 0.020363 0.999625 -0.000005 0.000000 0.000000 0.000000 1.000000
0.788312 0.614885 -0.021928 30.975624 -0.615101 0.788437 -0.004257 -0.000040 0.014671 0.016844 0.999750 -0.000003 0.000000 0.000000 0.000000 1.000000
0.888004 0.459543 -0.016421 30.975609 -0.459704 0.888038 -0.007795 -0.000036 0.011001 0.014471 0.999835 -0.000002 0.000000 0.000000 0.000000 1.000000
0.924544 0.380834 -0.013589 30.975624 -0.380967 0.924544 -0.009108 -0.000038 0.009095 0.013598 0.999866 -0.000006 0.000000 0.000000 0.000000 1.000000</float_array><technique_common><accessor source="#LLeg2-Matrix-animation-output-transform-array" count="51" stride="16"><param type="float4x4"/></accessor></technique_common></source><source id="LLeg2-Interpolations"><Name_array id="LLeg2-Interpolations-array" count="51">
 LINEAR LINEAR LINEAR LINEAR LINEAR LINEAR LINEAR LINEAR LINEAR LINEAR LINEAR
LINEAR LINEAR LINEAR LINEAR LINEAR LINEAR LINEAR LINEAR LINEAR LINEAR LINEAR LINEAR
LINEAR LINEAR LINEAR LINEAR LINEAR LINEAR LINEAR LINEAR LINEAR LINEAR LINEAR LINEAR
LINEAR LINEAR LINEAR LINEAR LINEAR LINEAR LINEAR LINEAR LINEAR LINEAR LINEAR LINEAR
LINEAR LINEAR LINEAR LINEAR</Name_array><technique_common><accessor source="#LLeg2-Interpolations-array" count="51"><param type="name"/></accessor></technique_common></source><sampler id="LLeg2-Matrix-animation-transform"><input semantic="INPUT" source="#LLeg2-Matrix-animation-input"/><input semantic="OUTPUT" source="#LLeg2-Matrix-animation-output-transform"/><input semantic="INTERPOLATION" source="#LLeg2-Interpolations"/></sampler><channel source="#LLeg2-Matrix-animation-transform" target="LLeg2/matrix"/></animation></animation>
    <animation id="LLegAnkle-anim" name="LLegAnkle"><animation><source id="LLegAnkle-Matrix-animation-input"><float_array id="LLegAnkle-Matrix-animation-input-array" count="51">

0.000000 0.033333 0.066667 0.100000 0.133333 0.166667 0.200000 0.233333 0.266667 0.300000 0.333333 0.366667 0.400000 0.433333 0.466667 0.500000
0.533333 0.566667 0.600000 0.633333 0.666667 0.700000 0.733333 0.766667 0.800000 0.833333 0.866667 0.900000 0.933333 0.966667 1.000000 1.033333
1.066667 1.100000 1.133333 1.166667 1.200000 1.233333 1.266667 1.300000 1.333333 1.366667 1.400000 1.433333 1.466667 1.500000 1.533333 1.566667
1.600000 1.633333 1.666667</float_array><technique_common><accessor source="#LLegAnkle-Matrix-animation-input-array" count="51"><param name="TIME" type="float"/></accessor></technique_common></source><source id="LLegAnkle-Matrix-animation-output-transform"><float_array id="LLegAnkle-Matrix-animation-output-transform-array" count="816">

-0.138894 -0.989786 -0.032132 42.417759 0.990108 -0.139444 0.015548 0.000000 -0.019870 -0.029655 0.999363 -0.000001 0.000000 0.000000 0.000000 1.000000
-0.179407 -0.983266 -0.031654 42.417770 0.983579 -0.179921 0.014170 0.000000 -0.019628 -0.028592 0.999399 -0.000000 0.000000 0.000000 0.000000 1.000000
-0.264384 -0.963928 -0.030739 42.417763 0.964233 -0.264823 0.011134 0.000002 -0.018873 -0.026696 0.999466 0.000000 0.000000 0.000000 0.000000 1.000000
-0.359282 -0.932752 -0.029825 42.417770 0.933059 -0.359643 0.007573 -0.000002 -0.017790 -0.025108 0.999527 0.000001 0.000000 0.000000 0.000000 1.000000
-0.452271 -0.891408 -0.029021 42.417767 0.891731 -0.452552 0.003589 0.000001 -0.016333 -0.024256 0.999573 -0.000000 0.000000 0.000000 0.000000 1.000000
-0.538506 -0.842144 -0.028363 42.417770 0.842494 -0.538706 -0.000730 -0.000000 -0.014665 -0.024289 0.999598 -0.000001 0.000000 0.000000 0.000000 1.000000
-0.615684 -0.787502 -0.027834 42.417767 0.787887 -0.615797 -0.005355 -0.000001 -0.012923 -0.025228 0.999599 -0.000001 0.000000 0.000000 0.000000 1.000000
-0.682749 -0.730140 -0.027383 42.417763 0.730566 -0.682766 -0.010199 0.000001 -0.011250 -0.026969 0.999573 0.000000 0.000000 0.000000 0.000000 1.000000
-0.738948 -0.673226 -0.026889 42.417759 0.673693 -0.738857 -0.015090 0.000001 -0.009708 -0.029266 0.999525 -0.000000 0.000000 0.000000 0.000000 1.000000
-0.781641 -0.623164 -0.026522 42.417763 0.623668 -0.781451 -0.019313 0.000002 -0.008691 -0.031636 0.999462 0.000000 0.000000 0.000000 0.000000 1.000000
-0.812329 -0.582622 -0.025963 42.417763 0.583146 -0.812055 -0.022545 0.000000 -0.007948 -0.033454 0.999409 0.000000 0.000000 0.000000 0.000000 1.000000
-0.828847 -0.558902 -0.025324 42.417763 0.559424 -0.828535 -0.023984 0.000001 -0.007577 -0.034046 0.999392 0.000001 0.000000 0.000000 0.000000 1.000000
-0.754598 -0.656095 -0.011025 42.417763 0.656123 -0.754653 0.001328 -0.000004 -0.009191 -0.006232 0.999939 -0.000001 0.000000 0.000000 0.000000 1.000000
-0.515350 -0.856719 0.021164 42.417767 0.856814 -0.514608 0.032382 -0.000002 -0.016851 0.034822 0.999252 -0.000000 0.000000 0.000000 0.000000 1.000000
-0.147324 -0.987725 0.051916 42.417770 0.988716 -0.145627 0.035115 -0.000001 -0.027123 0.056504 0.998034 0.000000 0.000000 0.000000 0.000000 1.000000
0.164801 -0.984329 0.062755 42.417767 0.985812 0.166436 0.021744 0.000000 -0.031848 0.058281 0.997792 0.000000 0.000000 0.000000 0.000000 1.000000
0.165983 -0.984072 0.063666 42.417767 0.985534 0.167779 0.023946 0.000001 -0.034246 0.058770 0.997684 -0.000000 0.000000 0.000000 0.000000 1.000000
0.145045 -0.987283 0.065069 42.417770 0.988736 0.147083 0.027688 0.000000 -0.036906 0.060320 0.997497 0.000000 0.000000 0.000000 0.000000 1.000000
0.121109 -0.990402 0.066608 42.417767 0.991841 0.123428 0.031871 0.000001 -0.039786 0.062204 0.997270 -0.000000 0.000000 0.000000 0.000000 1.000000
0.096061 -0.993038 0.068178 42.417767 0.994453 0.098695 0.036369 0.000001 -0.042844 0.064306 0.997010 0.000000 0.000000 0.000000 0.000000 1.000000
0.072148 -0.994956 0.069695 42.417770 0.996328 0.075124 0.041064 -0.000000 -0.046092 0.066477 0.996723 -0.000000 0.000000 0.000000 0.000000 1.000000
0.051990 -0.996103 0.071254 42.417763 0.997402 0.055355 0.046089 -0.000001 -0.049853 0.068672 0.996393 -0.000000 0.000000 0.000000 0.000000 1.000000
0.033854 -0.996784 0.072637 42.417767 0.998011 0.037583 0.050598 -0.000001 -0.053166 0.070780 0.996074 0.000000 0.000000 0.000000 0.000000 1.000000
0.019352 -0.997064 0.074088 42.417774 0.998160 0.023526 0.055884 -0.000003 -0.057462 0.072870 0.995685 -0.000000 0.000000 0.000000 0.000000 1.000000
0.007929 -0.997144 0.075106 42.417767 0.998136 0.012437 0.059741 -0.000006 -0.060504 0.074493 0.995385 0.000000 0.000000 0.000000 0.000000 1.000000
-0.000190 -0.997091 0.076220 42.417763 0.997904 0.004743 0.064539 -0.000002 -0.064713 0.076073 0.995000 0.000000 0.000000 0.000000 0.000000 1.000000
-0.005672 -0.997003 0.077156 42.417767 0.997676 -0.000403 0.068133 -0.000002 -0.067898 0.077363 0.994688 -0.000001 0.000000 0.000000 0.000000 1.000000
-0.008401 -0.996939 0.077734 42.417763 0.997516 -0.002918 0.070380 -0.000002 -0.069937 0.078132 0.994487 -0.000000 0.000000 0.000000 0.000000 1.000000
-0.009940 -0.996850 0.078689 42.417759 0.997185 -0.004034 0.074867 0.000002 -0.074314 0.079212 0.994084 -0.000000 0.000000 0.000000 0.000000 1.000000
-0.010593 -0.996811 0.079092 42.417770 0.997046 -0.004511 0.076678 0.000004 -0.076076 0.079671 0.993914 -0.000000 0.000000 0.000000 0.000000 1.000000
-0.011282 -0.996792 0.079235 42.417767 0.996990 -0.005135 0.077356 -0.000002 -0.076701 0.079869 0.993850 -0.000000 0.000000 0.000000 0.000000 1.000000
0.018391 -0.996845 0.077206 42.417763 0.997300 0.023780 0.069470 0.000007 -0.071086 0.075720 0.994592 -0.000000 0.000000 0.000000 0.000000 1.000000
0.102072 -0.992112 0.072764 42.417763 0.992939 0.106055 0.053144 0.000001 -0.060442 0.066826 0.995933 0.000000 0.000000 0.000000 0.000000 1.000000
0.231132 -0.970585 0.067405 42.417767 0.971613 0.233859 0.035743 -0.000002 -0.050455 0.057230 0.997085 -0.000000 0.000000 0.000000 0.000000 1.000000
0.328716 -0.942307 0.063269 42.417763 0.943443 0.330695 0.023555 -0.000000 -0.043119 0.051948 0.997719 -0.000000 0.000000 0.000000 0.000000 1.000000
-0.136359 -0.989632 0.045105 42.417767 0.990064 -0.134558 0.040840 -0.000001 -0.034348 0.050226 0.998147 0.000001 0.000000 0.000000 0.000000 1.000000
-0.521014 -0.853531 -0.005359 42.417770 0.853368 -0.521023 0.017259 0.000001 -0.017524 0.004419 0.999837 0.000000 0.000000 0.000000 0.000000 1.000000
-0.622542 -0.781151 -0.047387 42.417767 0.782534 -0.622059 -0.026135 -0.000001 -0.009062 -0.053352 0.998535 0.000000 0.000000 0.000000 0.000000 1.000000
-0.623979 -0.780072 -0.046242 42.417763 0.781386 -0.623541 -0.025133 0.000003 -0.009228 -0.051816 0.998614 0.000001 0.000000 0.000000 0.000000 1.000000
-0.625996 -0.778617 -0.043405 42.417767 0.779766 -0.625668 -0.022451 -0.000001 -0.009676 -0.047900 0.998806 -0.000000 0.000000 0.000000 0.000000 1.000000
-0.624672 -0.779870 -0.039834 42.417774 0.780820 -0.624475 -0.018767 0.000001 -0.010240 -0.042827 0.999030 0.000001 0.000000 0.000000 0.000000 1.000000
-0.614495 -0.788074 -0.036552 42.417767 0.788842 -0.614430 -0.014307 0.000000 -0.011184 -0.037626 0.999230 -0.000001 0.000000 0.000000 0.000000 1.000000
-0.594618 -0.803298 -0.033804 42.417770 0.803916 -0.594661 -0.009850 0.000001 -0.012190 -0.033033 0.999380 -0.000001 0.000000 0.000000 0.000000 1.000000
-0.563315 -0.825630 -0.031803 42.417770 0.826135 -0.563446 -0.005555 -0.000002 -0.013333 -0.029403 0.999479 0.000000 0.000000 0.000000 0.000000 1.000000
-0.520226 -0.853483 -0.030535 42.417767 0.853904 -0.520428 -0.001544 -0.000001 -0.014573 -0.026877 0.999533 0.000000 0.000000 0.000000 0.000000 1.000000
-0.465569 -0.884506 -0.029914 42.417767 0.884870 -0.465834 0.002163 -0.000003 -0.015848 -0.025463 0.999550 -0.000000 0.000000 0.000000 0.000000 1.000000
-0.400158 -0.915961 -0.029842 42.417767 0.916287 -0.400483 0.005603 0.000000 -0.017083 -0.025101 0.999539 0.000001 0.000000 0.000000 0.000000 1.000000
-0.326124 -0.944844 -0.030207 42.417767 0.945151 -0.326513 0.008812 0.000001 -0.018189 -0.025676 0.999505 -0.000000 0.000000 0.000000 0.000000 1.000000
-0.246304 -0.968699 -0.030915 42.417767 0.969004 -0.246760 0.011828 -0.000000 -0.019086 -0.027044 0.999452 0.000001 0.000000 0.000000 0.000000 1.000000
-0.173903 -0.984253 -0.031687 42.417767 0.984566 -0.174420 0.014360 0.000001 -0.019661 -0.028700 0.999395 0.000001 0.000000 0.000000 0.000000 1.000000
-0.138894 -0.989786 -0.032132 42.417759 0.990108 -0.139444 0.015548 0.000000 -0.019870 -0.029655 0.999363 -0.000001 0.000000 0.000000 0.000000 1.000000</float_array><technique_common><accessor source="#LLegAnkle-Matrix-animation-output-transform-array" count="51" stride="16"><param type="float4x4"/></accessor></technique_common></source><source id="LLegAnkle-Interpolations"><Name_array id="LLegAnkle-Interpolations-array" count="51">
 LINEAR LINEAR LINEAR LINEAR LINEAR LINEAR LINEAR LINEAR LINEAR LINEAR LINEAR
