<?xml version="1.0" encoding="utf-8"?>
<COLLADA xmlns="http://www.collada.org/2005/11/COLLADASchema" version="1.4.1">
  <asset><contributor><author></author><authoring_tool>FBX COLLADA exporter</authoring_tool><comments></comments></contributor><created>2015-05-01T22:32:47Z</created><keywords></keywords><modified>2015-05-01T22:32:47Z</modified><revision></revision><subject></subject><title></title><unit meter="1.000000" name="centimeter"></unit><up_axis>Y_UP</up_axis></asset>
  <library_animations>
    <animation id="DroidControl-anim" name="DroidControl"><animation><source id="DroidControl-Matrix-animation-input"><float_array id="DroidControl-Matrix-animation-input-array" count="0">
</float_array><technique_common><accessor source="#DroidControl-Matrix-animation-input-array" count="0"><param name="TIME" type="float"/></accessor></technique_common></source><source id="DroidControl-Matrix-animation-output-transform"><float_array id="DroidControl-Matrix-animation-output-transform-array" count="0">
</float_array><technique_common><accessor source="#DroidControl-Matrix-animation-output-transform-array" count="0" stride="16"><param type="float4x4"/></accessor></technique_common></source><source id="DroidControl-Interpolations"><Name_array id="DroidControl-Interpolations-array" count="0">
</Name_array><technique_common><accessor source="#DroidControl-Interpolations-array" count="0"><param type="name"/></accessor></technique_common></source><sampler id="DroidControl-Matrix-animation-transform"><input semantic="INPUT" source="#DroidControl-Matrix-animation-input"/><input semantic="OUTPUT" source="#DroidControl-Matrix-animation-output-transform"/><input semantic="INTERPOLATION" source="#DroidControl-Interpolations"/></sampler><channel source="#DroidControl-Matrix-animation-transform" target="DroidControl/matrix"/></animation></animation>
    <animation id="Pelvis-anim" name="Pelvis"><animation><source id="Pelvis-Matrix-animation-input"><float_array id="Pelvis-Matrix-animation-input-array" count="31">

0.000000 0.033333 0.066667 0.100000 0.133333 0.166667 0.200000 0.233333 0.266667 0.300000 0.333333 0.366667 0.400000 0.433333 0.466667 0.500000
0.533333 0.566667 0.600000 0.633333 0.666667 0.700000 0.733333 0.766667 0.800000 0.833333 0.866667 0.900000 0.933333 0.966667 1.000000</float_array><technique_common><accessor source="#Pelvis-Matrix-animation-input-array" count="31"><param name="TIME" type="float"/></accessor></technique_common></source><source id="Pelvis-Matrix-animation-output-transform"><float_array id="Pelvis-Matrix-animation-output-transform-array" count="496">

0.000000 -0.000000 1.000000 -0.000000 1.000000 0.000000 -0.000000 62.938950 0.000000 1.000000 0.000000 2.702183 0.000000 0.000000 0.000000 1.000000
0.000000 -0.000000 1.000000 -0.000000 1.000000 0.000000 -0.000000 62.960117 0.000000 1.000000 0.000000 -0.457821 0.000000 0.000000 0.000000 1.000000
0.000000 -0.000000 1.000000 -0.000000 1.000000 0.000000 -0.000000 62.999424 0.000000 1.000000 0.000000 -6.326398 0.000000 0.000000 0.000000 1.000000
0.000000 -0.000000 1.000000 -0.000000 1.000000 0.000000 -0.000000 63.020592 0.000000 1.000000 0.000000 -9.486401 0.000000 0.000000 0.000000 1.000000
0.000000 -0.000000 1.000000 -0.000000 1.000000 0.000000 -0.000000 63.020264 0.000000 1.000000 0.000000 -9.437480 0.000000 0.000000 0.000000 1.000000
0.000000 -0.000000 1.000000 -0.000000 1.000000 0.000000 -0.000000 63.019314 0.000000 1.000000 0.000000 -9.295673 0.000000 0.000000 0.000000 1.000000
0.000000 -0.000000 1.000000 -0.000000 1.000000 0.000000 -0.000000 63.017792 0.000000 1.000000 0.000000 -9.068411 0.000000 0.000000 0.000000 1.000000
0.000000 -0.000000 1.000000 -0.000000 1.000000 0.000000 -0.000000 63.015747 0.000000 1.000000 0.000000 -8.763124 0.000000 0.000000 0.000000 1.000000
0.000000 -0.000000 1.000000 -0.000000 1.000000 0.000000 -0.000000 63.013229 0.000000 1.000000 0.000000 -8.387242 0.000000 0.000000 0.000000 1.000000
0.000000 -0.000000 1.000000 -0.000000 1.000000 0.000000 -0.000000 63.010288 0.000000 1.000000 0.000000 -7.948198 0.000000 0.000000 0.000000 1.000000
0.000000 -0.000000 1.000000 -0.000000 1.000000 0.000000 -0.000000 63.006973 0.000000 1.000000 0.000000 -7.453422 0.000000 0.000000 0.000000 1.000000
0.000000 -0.000000 1.000000 -0.000000 1.000000 0.000000 -0.000000 63.003338 0.000000 1.000000 0.000000 -6.910345 0.000000 0.000000 0.000000 1.000000
0.000000 -0.000000 1.000000 -0.000000 1.000000 0.000000 -0.000000 62.999424 0.000000 1.000000 0.000000 -6.326397 0.000000 0.000000 0.000000 1.000000
0.000000 -0.000000 1.000000 -0.000000 1.000000 0.000000 -0.000000 62.995289 0.000000 1.000000 0.000000 -5.709011 0.000000 0.000000 0.000000 1.000000
0.000000 -0.000000 1.000000 -0.000000 1.000000 0.000000 -0.000000 62.990982 0.000000 1.000000 0.000000 -5.065617 0.000000 0.000000 0.000000 1.000000
0.000000 -0.000000 1.000000 -0.000000 1.000000 0.000000 -0.000000 62.986546 0.000000 1.000000 0.000000 -4.403645 0.000000 0.000000 0.000000 1.000000
0.000000 -0.000000 1.000000 -0.000000 1.000000 0.000000 -0.000000 62.982037 0.000000 1.000000 0.000000 -3.730526 0.000000 0.000000 0.000000 1.000000
0.000000 -0.000000 1.000000 -0.000000 1.000000 0.000000 -0.000000 62.977505 0.000000 1.000000 0.000000 -3.053692 0.000000 0.000000 0.000000 1.000000
0.000000 -0.000000 1.000000 -0.000000 1.000000 0.000000 -0.000000 62.972996 0.000000 1.000000 0.000000 -2.380573 0.000000 0.000000 0.000000 1.000000
0.000000 -0.000000 1.000000 -0.000000 1.000000 0.000000 -0.000000 62.968559 0.000000 1.000000 0.000000 -1.718602 0.000000 0.000000 0.000000 1.000000
0.000000 -0.000000 1.000000 -0.000000 1.000000 0.000000 -0.000000 62.964252 0.000000 1.000000 0.000000 -1.075207 0.000000 0.000000 0.000000 1.000000
0.000000 -0.000000 1.000000 -0.000000 1.000000 0.000000 -0.000000 62.960117 0.000000 1.000000 0.000000 -0.457820 0.000000 0.000000 0.000000 1.000000
0.000000 -0.000000 1.000000 -0.000000 1.000000 0.000000 -0.000000 62.956203 0.000000 1.000000 0.000000 0.126127 0.000000 0.000000 0.000000 1.000000
0.000000 -0.000000 1.000000 -0.000000 1.000000 0.000000 -0.000000 62.952568 0.000000 1.000000 0.000000 0.669204 0.000000 0.000000 0.000000 1.000000
0.000000 -0.000000 1.000000 -0.000000 1.000000 0.000000 -0.000000 62.949253 0.000000 1.000000 0.000000 1.163979 0.000000 0.000000 0.000000 1.000000
0.000000 -0.000000 1.000000 -0.000000 1.000000 0.000000 -0.000000 62.946312 0.000000 1.000000 0.000000 1.603024 0.000000 0.000000 0.000000 1.000000
0.000000 -0.000000 1.000000 -0.000000 1.000000 0.000000 -0.000000 62.943794 0.000000 1.000000 0.000000 1.978906 0.000000 0.000000 0.000000 1.000000
0.000000 -0.000000 1.000000 -0.000000 1.000000 0.000000 -0.000000 62.941750 0.000000 1.000000 0.000000 2.284193 0.000000 0.000000 0.000000 1.000000
0.000000 -0.000000 1.000000 -0.000000 1.000000 0.000000 -0.000000 62.940228 0.000000 1.000000 0.000000 2.511456 0.000000 0.000000 0.000000 1.000000
0.000000 -0.000000 1.000000 -0.000000 1.000000 0.000000 -0.000000 62.939278 0.000000 1.000000 0.000000 2.653262 0.000000 0.000000 0.000000 1.000000
0.000000 -0.000000 1.000000 -0.000000 1.000000 0.000000 -0.000000 62.938950 0.000000 1.000000 0.000000 2.702183 0.000000 0.000000 0.000000 1.000000</float_array><technique_common><accessor source="#Pelvis-Matrix-animation-output-transform-array" count="31" stride="16"><param type="float4x4"/></accessor></technique_common></source><source id="Pelvis-Interpolations"><Name_array id="Pelvis-Interpolations-array" count="31">
 LINEAR LINEAR LINEAR LINEAR LINEAR LINEAR LINEAR LINEAR LINEAR LINEAR LINEAR
LINEAR LINEAR LINEAR LINEAR LINEAR LINEAR LINEAR LINEAR LINEAR LINEAR LINEAR LINEAR
LINEAR LINEAR LINEAR LINEAR LINEAR LINEAR LINEAR LINEAR</Name_array><technique_common><accessor source="#Pelvis-Interpolations-array" count="31"><param type="name"/></accessor></technique_common></source><sampler id="Pelvis-Matrix-animation-transform"><input semantic="INPUT" source="#Pelvis-Matrix-animation-input"/><input semantic="OUTPUT" source="#Pelvis-Matrix-animation-output-transform"/><input semantic="INTERPOLATION" source="#Pelvis-Interpolations"/></sampler><channel source="#Pelvis-Matrix-animation-transform" target="Pelvis/matrix"/></animation></animation>
    <animation id="LLeg1-anim" name="LLeg1"><animation><source id="LLeg1-Matrix-animation-input"><float_array id="LLeg1-Matrix-animation-input-array" count="31">

0.000000 0.033333 0.066667 0.100000 0.133333 0.166667 0.200000 0.233333 0.266667 0.300000 0.333333 0.366667 0.400000 0.433333 0.466667 0.500000
0.533333 0.566667 0.600000 0.633333 0.666667 0.700000 0.733333 0.766667 0.800000 0.833333 0.866667 0.900000 0.933333 0.966667 1.000000</float_array><technique_common><accessor source="#LLeg1-Matrix-animation-input-array" count="31"><param name="TIME" type="float"/></accessor></technique_common></source><source id="LLeg1-Matrix-animation-output-transform"><float_array id="LLeg1-Matrix-animation-output-transform-array" count="496">

-0.907954 0.402057 -0.118192 0.000000 0.354163 0.886948 0.296466 -0.000000 0.224026 0.227318 -0.947701 7.451146 0.000000 0.000000 0.000000 1.000000
-0.880611 0.462282 -0.104015 0.000000 0.415331 0.858716 0.300178 -0.000000 0.228086 0.221139 -0.948195 7.451146 0.000000 0.000000 0.000000 1.000000
-0.826137 0.558269 -0.076372 0.000000 0.513663 0.801879 0.305189 -0.000000 0.231619 0.212898 -0.949224 7.451146 0.000000 0.000000 0.000000 1.000000
-0.796424 0.601655 -0.060994 0.000000 0.558648 0.770593 0.306756 0.000000 0.231563 0.210234 -0.949831 7.451146 0.000000 0.000000 0.000000 1.000000
-0.796880 0.601026 -0.061234 0.000000 0.557993 0.771074 0.306738 0.000000 0.231574 0.210266 -0.949821 7.451146 0.000000 0.000000 0.000000 1.000000
-0.798202 0.599197 -0.061929 0.000000 0.556087 0.772471 0.306685 0.000000 0.231603 0.210359 -0.949794 7.451146 0.000000 0.000000 0.000000 1.000000
-0.800325 0.596242 -0.063041 0.000000 0.553010 0.774712 0.306597 0.000000 0.231645 0.210515 -0.949749 7.451146 0.000000 0.000000 0.000000 1.000000
-0.803183 0.592227 -0.064535 0.000000 0.548832 0.777727 0.306471 0.000000 0.231690 0.210734 -0.949689 7.451146 0.000000 0.000000 0.000000 1.000000
-0.806709 0.587210 -0.066370 0.000000 0.543619 0.781445 0.306305 0.000000 0.231730 0.211019 -0.949616 7.451146 0.000000 0.000000 0.000000 1.000000
-0.810837 0.581248 -0.068511 0.000000 0.537432 0.785793 0.306097 -0.000000 0.231754 0.211375 -0.949531 7.451146 0.000000 0.000000 0.000000 1.000000
-0.815498 0.574398 -0.070917 0.000000 0.530334 0.790700 0.305843 -0.000000 0.231749 0.211805 -0.949437 7.451146 0.000000 0.000000 0.000000 1.000000
-0.820623 0.566717 -0.073550 0.000000 0.522388 0.796088 0.305540 -0.000000 0.231708 0.212312 -0.949334 7.451146 0.000000 0.000000 0.000000 1.000000
-0.826137 0.558269 -0.076372 0.000000 0.513663 0.801879 0.305189 -0.000000 0.231619 0.212898 -0.949224 7.451146 0.000000 0.000000 0.000000 1.000000
-0.831967 0.549122 -0.079344 0.000000 0.504232 0.807995 0.304786 -0.000000 0.231475 0.213564 -0.949109 7.451146 0.000000 0.000000 0.000000 1.000000
-0.838034 0.539355 -0.082428 0.000000 0.494178 0.814351 0.304335 -0.000000 0.231270 0.214309 -0.948991 7.451146 0.000000 0.000000 0.000000 1.000000
-0.844261 0.529054 -0.085585 0.000000 0.483592 0.820867 0.303836 -0.000000 0.231000 0.215129 -0.948872 7.451146 0.000000 0.000000 0.000000 1.000000
-0.850569 0.518315 -0.088778 0.000000 0.472575 0.827457 0.303294 -0.000000 0.230662 0.216019 -0.948752 7.451146 0.000000 0.000000 0.000000 1.000000
-0.856878 0.507249 -0.091970 0.000000 0.461238 0.834040 0.302714 -0.000000 0.230258 0.216970 -0.948633 7.451146 0.000000 0.000000 0.000000 1.000000
-0.863111 0.495975 -0.095124 0.000000 0.449706 0.840534 0.302104 -0.000000 0.229791 0.217971 -0.948517 7.451146 0.000000 0.000000 0.000000 1.000000
-0.869192 0.484624 -0.098205 0.000000 0.438111 0.846861 0.301470 -0.000000 0.229266 0.219011 -0.948404 7.451146 0.000000 0.000000 0.000000 1.000000
-0.875049 0.473341 -0.101179 0.000000 0.426601 0.852945 0.300825 -0.000000 0.228693 0.220073 -0.948296 7.451146 0.000000 0.000000 0.000000 1.000000
-0.880611 0.462282 -0.104015 0.000000 0.415331 0.858716 0.300178 -0.000000 0.228086 0.221139 -0.948195 7.451146 0.000000 0.000000 0.000000 1.000000
-0.885815 0.451610 -0.106677 0.000000 0.404469 0.864107 0.299541 -0.000000 0.227456 0.222190 -0.948100 7.451146 0.000000 0.000000 0.000000 1.000000
-0.890599 0.441500 -0.109136 0.000000 0.394189 0.869055 0.298929 -0.000000 0.226823 0.223206 -0.948014 7.451146 0.000000 0.000000 0.000000 1.000000
-0.894907 0.432133 -0.111363 0.000000 0.384672 0.873506 0.298354 -0.000000 0.226205 0.224161 -0.947936 7.451146 0.000000 0.000000 0.000000 1.000000
-0.898687 0.423697 -0.113326 0.000000 0.376107 0.877406 0.297830 -0.000000 0.225623 0.225033 -0.947868 7.451146 0.000000 0.000000 0.000000 1.000000
-0.901888 0.416381 -0.114998 0.000000 0.368683 0.880706 0.297372 -0.000000 0.225099 0.225799 -0.947810 7.451146 0.000000 0.000000 0.000000 1.000000
-0.904464 0.410374 -0.116347 0.000000 0.362593 0.883358 0.296994 -0.000000 0.224655 0.226434 -0.947764 7.451146 0.000000 0.000000 0.000000 1.000000
-0.906366 0.405865 -0.117364 0.000000 0.358019 0.885318 0.296705 -0.000000 0.224327 0.226905 -0.947729 7.451146 0.000000 0.000000 0.000000 1.000000
-0.907546 0.403035 -0.117996 0.000000 0.355150 0.886534 0.296523 -0.000000 0.224116 0.227203 -0.947708 7.451146 0.000000 0.000000 0.000000 1.000000
-0.907954 0.402057 -0.118192 0.000000 0.354163 0.886948 0.296466 -0.000000 0.224026 0.227318 -0.947701 7.451146 0.000000 0.000000 0.000000 1.000000</float_array><technique_common><accessor source="#LLeg1-Matrix-animation-output-transform-array" count="31" stride="16"><param type="float4x4"/></accessor></technique_common></source><source id="LLeg1-Interpolations"><Name_array id="LLeg1-Interpolations-array" count="31">
 LINEAR LINEAR LINEAR LINEAR LINEAR LINEAR LINEAR LINEAR LINEAR LINEAR LINEAR
LINEAR LINEAR LINEAR LINEAR LINEAR LINEAR LINEAR LINEAR LINEAR LINEAR LINEAR LINEAR
LINEAR LINEAR LINEAR LINEAR LINEAR LINEAR LINEAR LINEAR</Name_array><technique_common><accessor source="#LLeg1-Interpolations-array" count="31"><param type="name"/></accessor></technique_common></source><sampler id="LLeg1-Matrix-animation-transform"><input semantic="INPUT" source="#LLeg1-Matrix-animation-input"/><input semantic="OUTPUT" source="#LLeg1-Matrix-animation-output-transform"/><input semantic="INTERPOLATION" source="#LLeg1-Interpolations"/></sampler><channel source="#LLeg1-Matrix-animation-transform" target="LLeg1/matrix"/></animation></animation>
    <animation id="LLeg2-anim" name="LLeg2"><animation><source id="LLeg2-Matrix-animation-input"><float_array id="LLeg2-Matrix-animation-input-array" count="31">

0.000000 0.033333 0.066667 0.100000 0.133333 0.166667 0.200000 0.233333 0.266667 0.300000 0.333333 0.366667 0.400000 0.433333 0.466667 0.500000
0.533333 0.566667 0.600000 0.633333 0.666667 0.700000 0.733333 0.766667 0.800000 0.833333 0.866667 0.900000 0.933333 0.966667 1.000000</float_array><technique_common><accessor source="#LLeg2-Matrix-animation-input-array" count="31"><param name="TIME" type="float"/></accessor></technique_common></source><source id="LLeg2-Matrix-animation-output-transform"><float_array id="LLeg2-Matrix-animation-output-transform-array" count="496">

0.500440 0.865243 -0.030267 30.975620 -0.865540 0.500808 0.005605 -0.000038 0.020008 0.023393 0.999526 0.000007 0.000000 0.000000 0.000000 1.000000
0.472295 0.880902 -0.030816 30.975616 -0.881205 0.472688 0.006590 -0.000038 0.020372 0.024043 0.999503 0.000008 0.000000 0.000000 0.000000 1.000000
0.439339 0.897773 -0.031405 30.975616 -0.898081 0.439761 0.007740 -0.000040 0.020760 0.024804 0.999477 0.000006 0.000000 0.000000 0.000000 1.000000
0.433047 0.900821 -0.031513 30.975620 -0.901131 0.433475 0.007962 -0.000034 0.020833 0.024949 0.999472 0.000008 0.000000 0.000000 0.000000 1.000000
0.433095 0.900798 -0.031514 30.975626 -0.901108 0.433523 0.007963 -0.000038 0.020835 0.024949 0.999472 0.000009 0.000000 0.000000 0.000000 1.000000
0.433238 0.900729 -0.031509 30.975616 -0.901039 0.433666 0.007955 -0.000042 0.020829 0.024945 0.999472 0.000009 0.000000 0.000000 0.000000 1.000000
0.433374 0.900663 -0.031512 30.975613 -0.900973 0.433802 0.007959 -0.000034 0.020838 0.024942 0.999472 0.000010 0.000000 0.000000 0.000000 1.000000
0.433917 0.900403 -0.031498 30.975620 -0.900712 0.434344 0.007932 -0.000038 0.020823 0.024929 0.999472 0.000006 0.000000 0.000000 0.000000 1.000000
0.434087 0.900321 -0.031494 30.975618 -0.900631 0.434514 0.007924 -0.000038 0.020819 0.024925 0.999472 0.000003 0.000000 0.000000 0.000000 1.000000
0.434937 0.899911 -0.031480 30.975618 -0.900221 0.435363 0.007894 -0.000042 0.020810 0.024906 0.999473 0.000008 0.000000 0.000000 0.000000 1.000000
0.436504 0.899153 -0.031456 30.975613 -0.899462 0.436929 0.007845 -0.000040 0.020798 0.024869 0.999474 0.000009 0.000000 0.000000 0.000000 1.000000
0.437832 0.898508 -0.031433 30.975622 -0.898817 0.438255 0.007798 -0.000034 0.020782 0.024838 0.999475 0.000010 0.000000 0.000000 0.000000 1.000000
0.439339 0.897773 -0.031405 30.975616 -0.898081 0.439761 0.007740 -0.000038 0.020760 0.024804 0.999477 0.000006 0.000000 0.000000 0.000000 1.000000
0.441541 0.896693 -0.031368 30.975615 -0.897001 0.441961 0.007664 -0.000036 0.020735 0.024753 0.999479 0.000004 0.000000 0.000000 0.000000 1.000000
0.444142 0.895409 -0.031323 30.975613 -0.895717 0.444560 0.007573 -0.000038 0.020705 0.024693 0.999481 0.000003 0.000000 0.000000 0.000000 1.000000
0.447155 0.893910 -0.031270 30.975620 -0.894218 0.447570 0.007467 -0.000042 0.020671 0.024623 0.999483 0.000010 0.000000 0.000000 0.000000 1.000000
0.450551 0.892205 -0.031211 30.975615 -0.892512 0.450964 0.007349 -0.000038 0.020631 0.024545 0.999486 0.000008 0.000000 0.000000 0.000000 1.000000
0.454317 0.890296 -0.031144 30.975615 -0.890602 0.454726 0.007217 -0.000040 0.020587 0.024458 0.999489 0.000009 0.000000 0.000000 0.000000 1.000000
0.458411 0.888197 -0.031070 30.975626 -0.888503 0.458817 0.007074 -0.000036 0.020539 0.024363 0.999492 0.000010 0.000000 0.000000 0.000000 1.000000
0.463068 0.885780 -0.031021 30.975620 -0.886084 0.463472 0.006978 -0.000040 0.020559 0.024256 0.999494 0.000006 0.000000 0.000000 0.000000 1.000000
0.467335 0.883540 -0.030907 30.975615 -0.883844 0.467733 0.006761 -0.000036 0.020430 0.024157 0.999499 0.000008 0.000000 0.000000 0.000000 1.000000
0.471995 0.881063 -0.030821 30.975616 -0.881366 0.472388 0.006599 -0.000038 0.020374 0.024050 0.999503 0.000006 0.000000 0.000000 0.000000 1.000000
0.476685 0.878537 -0.030733 30.975613 -0.878839 0.477075 0.006436 -0.000034 0.020316 0.023941 0.999507 0.000009 0.000000 0.000000 0.000000 1.000000
0.480969 0.876202 -0.030665 30.975620 -0.876503 0.481356 0.006320 -0.000036 0.020298 0.023839 0.999510 0.000009 0.000000 0.000000 0.000000 1.000000
0.485640 0.873625 -0.030560 30.975616 -0.873926 0.486021 0.006122 -0.000034 0.020201 0.023734 0.999514 0.000009 0.000000 0.000000 0.000000 1.000000
0.489697 0.871360 -0.030481 30.975618 -0.871660 0.490075 0.005980 -0.000038 0.020149 0.023641 0.999518 0.000005 0.000000 0.000000 0.000000 1.000000
0.493267 0.869347 -0.030410 30.975616 -0.869646 0.493642 0.005854 -0.000038 0.020101 0.023558 0.999520 0.000007 0.000000 0.000000 0.000000 1.000000
0.496276 0.867634 -0.030348 30.975620 -0.867933 0.496648 0.005746 -0.000042 0.020058 0.023489 0.999523 0.000007 0.000000 0.000000 0.000000 1.000000
0.498214 0.866524 -0.030325 30.975620 -0.866822 0.498585 0.005704 -0.000038 0.020062 0.023444 0.999524 0.000009 0.000000 0.000000 0.000000 1.000000
0.500213 0.865374 -0.030260 30.975616 -0.865672 0.500581 0.005592 -0.000038 0.019987 0.023398 0.999527 0.000008 0.000000 0.000000 0.000000 1.000000
0.500440 0.865243 -0.030267 30.975620 -0.865540 0.500808 0.005605 -0.000038 0.020008 0.023393 0.999526 0.000007 0.000000 0.000000 0.000000 1.000000</float_array><technique_common><accessor source="#LLeg2-Matrix-animation-output-transform-array" count="31" stride="16"><param type="float4x4"/></accessor></technique_common></source><source id="LLeg2-Interpolations"><Name_array id="LLeg2-Interpolations-array" count="31">
 LINEAR LINEAR LINEAR LINEAR LINEAR LINEAR LINEAR LINEAR LINEAR LINEAR LINEAR
LINEAR LINEAR LINEAR LINEAR LINEAR LINEAR LINEAR LINEAR LINEAR LINEAR LINEAR LINEAR
LINEAR LINEAR LINEAR LINEAR LINEAR LINEAR LINEAR LINEAR</Name_array><technique_common><accessor source="#LLeg2-Interpolations-array" count="31"><param type="name"/></accessor></technique_common></source><sampler id="LLeg2-Matrix-animation-transform"><input semantic="INPUT" source="#LLeg2-Matrix-animation-input"/><input semantic="OUTPUT" source="#LLeg2-Matrix-animation-output-transform"/><input semantic="INTERPOLATION" source="#LLeg2-Interpolations"/></sampler><channel source="#LLeg2-Matrix-animation-transform" target="LLeg2/matrix"/></animation></animation>
    <animation id="LLegAnkle-anim" name="LLegAnkle"><animation><source id="LLegAnkle-Matrix-animation-input"><float_array id="LLegAnkle-Matrix-animation-input-array" count="31">

0.000000 0.033333 0.066667 0.100000 0.133333 0.166667 0.200000 0.233333 0.266667 0.300000 0.333333 0.366667 0.400000 0.433333 0.466667 0.500000
0.533333 0.566667 0.600000 0.633333 0.666667 0.700000 0.733333 0.766667 0.800000 0.833333 0.866667 0.900000 0.933333 0.966667 1.000000</float_array><technique_common><accessor source="#LLegAnkle-Matrix-animation-input-array" count="31"><param name="TIME" type="float"/></accessor></technique_common></source><source id="LLegAnkle-Matrix-animation-output-transform"><float_array id="LLegAnkle-Matrix-animation-output-transform-array" count="496">

-0.518077 -0.848991 0.103980 42.417770 0.801977 -0.524421 -0.286035 0.000002 0.297370 -0.064799 0.952561 -0.000000 0.000000 0.000000 0.000000 1.000000
-0.486769 -0.866936 0.107140 42.417767 0.820725 -0.495888 -0.283736 0.000000 0.299110 -0.050181 0.952898 0.000000 0.000000 0.000000 0.000000 1.000000
-0.416818 -0.902367 0.109530 42.417770 0.858524 -0.430399 -0.278737 0.000000 0.298665 -0.022148 0.954101 0.000001 0.000000 0.000000 0.000000 1.000000
-0.373886 -0.920979 0.109582 42.417767 0.878237 -0.389542 -0.277414 -0.000000 0.298179 -0.007483 0.954481 -0.000001 0.000000 0.000000 0.000000 1.000000
-0.374592 -0.920691 0.109589 42.417770 0.877931 -0.390217 -0.277434 0.000000 0.298194 -0.007713 0.954475 -0.000000 0.000000 0.000000 0.000000 1.000000
-0.376611 -0.919864 0.109614 42.417767 0.877040 -0.392149 -0.277526 0.000003 0.298271 -0.008384 0.954445 -0.000001 0.000000 0.000000 0.000000 1.000000
-0.379756 -0.918571 0.109607 42.417767 0.875726 -0.395146 -0.277424 -0.000002 0.298144 -0.009368 0.954475 -0.000001 0.000000 0.000000 0.000000 1.000000
-0.384151 -0.916732 0.109686 42.417770 0.873684 -0.399355 -0.277837 -0.000002 0.298505 -0.010900 0.954346 -0.000000 0.000000 0.000000 0.000000 1.000000
-0.389177 -0.914636 0.109464 42.417767 0.871740 -0.404087 -0.277099 0.000000 0.297678 -0.012417 0.954586 -0.000001 0.000000 0.000000 0.000000 1.000000
-0.395090 -0.912080 0.109611 42.417770 0.868910 -0.409758 -0.277660 0.000001 0.298162 -0.014458 0.954406 -0.000001 0.000000 0.000000 0.000000 1.000000
-0.402152 -0.908975 0.109724 42.417767 0.865401 -0.416501 -0.278582 -0.000002 0.298924 -0.017077 0.954124 0.000000 0.000000 0.000000 0.000000 1.000000
-0.409397 -0.905739 0.109685 42.417763 0.861986 -0.423383 -0.278796 -0.000000 0.298955 -0.019591 0.954066 0.000000 0.000000 0.000000 0.000000 1.000000
-0.416818 -0.902367 0.109530 42.417767 0.858524 -0.430399 -0.278737 -0.000001 0.298665 -0.022148 0.954101 -0.000001 0.000000 0.000000 0.000000 1.000000
-0.424812 -0.898643 0.109432 42.417767 0.854549 -0.437963 -0.279168 -0.000001 0.298800 -0.025079 0.953987 0.000001 0.000000 0.000000 0.000000 1.000000
-0.433063 -0.894740 0.109079 42.417767 0.850523 -0.445701 -0.279216 -0.000001 0.298442 -0.028143 0.954013 -0.000002 0.000000 0.000000 0.000000 1.000000
-0.441459 -0.890616 0.109164 42.417767 0.845957 -0.453673 -0.280246 0.000002 0.299117 -0.031369 0.953701 -0.000000 0.000000 0.000000 0.000000 1.000000
-0.449688 -0.886529 0.108849 42.417770 0.841658 -0.461380 -0.280609 0.000003 0.298989 -0.034573 0.953631 -0.000001 0.000000 0.000000 0.000000 1.000000
-0.457636 -0.882501 0.108450 42.417763 0.837443 -0.468794 -0.280932 -0.000000 0.298763 -0.037744 0.953581 -0.000001 0.000000 0.000000 0.000000 1.000000
-0.465208 -0.878559 0.108235 42.417759 0.833179 -0.475882 -0.281692 -0.000002 0.298991 -0.040866 0.953381 0.000001 0.000000 0.000000 0.000000 1.000000
-0.472969 -0.874449 0.107890 42.417767 0.828776 -0.483106 -0.282385 -0.000000 0.299053 -0.044142 0.953215 -0.000002 0.000000 0.000000 0.000000 1.000000
-0.479779 -0.870786 0.107444 42.417767 0.824937 -0.489407 -0.282773 -0.000000 0.298819 -0.047033 0.953151 -0.000002 0.000000 0.000000 0.000000 1.000000
-0.486427 -0.867144 0.107010 42.417763 0.821080 -0.495549 -0.283300 -0.000004 0.298690 -0.049941 0.953043 0.000001 0.000000 0.000000 0.000000 1.000000
-0.492550 -0.863737 0.106553 42.417763 0.817477 -0.501182 -0.283811 0.000000 0.298540 -0.052686 0.952942 -0.000001 0.000000 0.000000 0.000000 1.000000
-0.497778 -0.860815 0.105906 42.417763 0.814574 -0.505943 -0.283712 -0.000000 0.297805 -0.054957 0.953044 0.000001 0.000000 0.000000 0.000000 1.000000
-0.503085 -0.857755 0.105651 42.417763 0.811159 -0.510828 -0.284740 0.000000 0.298206 -0.057548 0.952766 0.000001 0.000000 0.000000 0.000000 1.000000
-0.507379 -0.855275 0.105223 42.417770 0.808542 -0.514736 -0.285144 -0.000000 0.298039 -0.059599 0.952692 0.000001 0.000000 0.000000 0.000000 1.000000
-0.511006 -0.853159 0.104846 42.417767 0.806312 -0.518031 -0.285493 0.000002 0.297884 -0.061350 0.952629 0.000001 0.000000 0.000000 0.000000 1.000000
-0.513878 -0.851474 0.104514 42.417763 0.804535 -0.520627 -0.285782 -0.000000 0.297748 -0.062772 0.952579 0.000000 0.000000 0.000000 0.000000 1.000000
-0.515665 -0.850440 0.104126 42.417770 0.803593 -0.522218 -0.285531 -0.000001 0.297203 -0.063563 0.952696 0.000001 0.000000 0.000000 0.000000 1.000000
-0.517688 -0.849182 0.104353 42.417770 0.801926 -0.524116 -0.286737 0.000002 0.298184 -0.064757 0.952309 -0.000001 0.000000 0.000000 0.000000 1.000000
-0.518077 -0.848991 0.103980 42.417770 0.801977 -0.524421 -0.286035 0.000002 0.297370 -0.064799 0.952561 -0.000000 0.000000 0.000000 0.000000 1.000000</float_array><technique_common><accessor source="#LLegAnkle-Matrix-animation-output-transform-array" count="31" stride="16"><param type="float4x4"/></accessor></technique_common></source><source id="LLegAnkle-Interpolations"><Name_array id="LLegAnkle-Interpolations-array" count="31">
 LINEAR LINEAR LINEAR LINEAR LINEAR LINEAR LINEAR LINEAR LINEAR LINEAR LINEAR
LINEAR LINEAR LINEAR LINEAR LINEAR LINEAR LINEAR LINEAR LINEAR LINEAR LINEAR LINEAR
LINEAR LINEAR LINEAR LINEAR LINEAR LINEAR LINEAR LINEAR</Name_array><technique_common><accessor source="#LLegAnkle-Interpolations-array" count="31"><param type="name"/></accessor></technique_common></source><sampler id="LLegAnkle-Matrix-animation-transform"><input semantic="INPUT" source="#LLegAnkle-Matrix-animation-input"/><input semantic="OUTPUT" source="#LLegAnkle-Matrix-animation-output-transform"/><input semantic="INTERPOLATION" source="#LLegAnkle-Interpolations"/></sampler><channel source="#LLegAnkle-Matrix-animation-transform" target="LLegAnkle/matrix"/></animation></animation>
    <animation id="RLeg1-anim" name="RLeg1"><animation><source id="RLeg1-Matrix-animation-input"><float_array id="RLeg1-Matrix-animation-input-array" count="31">

0.000000 0.033333 0.066667 0.100000 0.133333 0.166667 0.200000 0.233333 0.266667 0.300000 0.333333 0.366667 0.400000 0.433333 0.466667 0.500000
0.533333 0.566667 0.600000 0.633333 0.666667 0.700000 0.733333 0.766667 0.800000 0.833333 0.866667 0.900000 0.933333 0.966667 1.000000</float_array><technique_common><accessor source="#RLeg1-Matrix-animation-input-array" count="31"><param name="TIME" type="float"/></accessor></technique_common></source><source id="RLeg1-Matrix-animation-output-transform"><float_array id="RLeg1-Matrix-animation-output-transform-array" count="496">

-0.656213 0.751925 0.063198 0.000000 0.730768 0.654148 -0.195111 -0.000000 -0.188049 -0.081851 -0.978743 -7.451145 0.000000 0.000000 0.000000 1.000000
-0.646296 0.761199 0.053651 0.000000 0.741287 0.642965 -0.192590 -0.000000 -0.181095 -0.084700 -0.979811 -7.451145 0.000000 0.000000 0.000000 1.000000
-0.645097 0.763222 0.036657 0.000000 0.745889 0.639408 -0.186568 -0.000000 -0.165832 -0.093013 -0.981758 -7.451145 0.000000 0.000000 0.000000 1.000000
-0.656284 0.753998 0.027898 0.000000 0.738248 0.649333 -0.182638 -0.000001 -0.155823 -0.099267 -0.982784 -7.451145 0.000000 0.000000 0.000000 1.000000
-0.656032 0.754212 0.028031 0.000000 0.738436 0.649101 -0.182702 -0.000001 -0.155991 -0.099159 -0.982768 -7.451145 0.000000 0.000000 0.000000 1.000000
-0.655318 0.754818 0.028420 0.000000 0.738968 0.648443 -0.182889 -0.000001 -0.156476 -0.098849 -0.982723 -7.451145 0.000000 0.000000 0.000000 1.000000
-0.654220 0.755747 0.029043 0.000000 0.739777 0.647436 -0.183185 -0.000001 -0.157245 -0.098358 -0.982649 -7.451145 0.000000 0.000000 0.000000 1.000000
-0.652834 0.756912 0.029881 0.000000 0.740784 0.646171 -0.183580 -0.000001 -0.158262 -0.097711 -0.982550 -7.451145 0.000000 0.000000 0.000000 1.000000
-0.651262 0.758224 0.030917 0.000000 0.741903 0.644749 -0.184059 -0.000001 -0.159492 -0.096933 -0.982428 -7.451145 0.000000 0.000000 0.000000 1.000000
-0.649609 0.759590 0.032131 0.000000 0.743048 0.643272 -0.184611 -0.000000 -0.160897 -0.096050 -0.982286 -7.451145 0.000000 0.000000 0.000000 1.000000
-0.647973 0.760927 0.033505 0.000000 0.744139 0.641833 -0.185221 -0.000000 -0.162444 -0.095086 -0.982125 -7.451145 0.000000 0.000000 0.000000 1.000000
-0.646443 0.762158 0.035019 0.000000 0.745106 0.640521 -0.185878 -0.000000 -0.164099 -0.094066 -0.981948 -7.451145 0.000000 0.000000 0.000000 1.000000
-0.645097 0.763222 0.036657 0.000000 0.745889 0.639408 -0.186568 -0.000000 -0.165832 -0.093013 -0.981758 -7.451145 0.000000 0.000000 0.000000 1.000000
-0.643994 0.764067 0.038399 0.000000 0.746443 0.638552 -0.187281 -0.000000 -0.167615 -0.091945 -0.981555 -7.451145 0.000000 0.000000 0.000000 1.000000
-0.643182 0.764656 0.040225 0.000000 0.746735 0.637999 -0.188003 -0.000000 -0.169421 -0.090883 -0.981344 -7.451145 0.000000 0.000000 0.000000 1.000000
-0.642691 0.764967 0.042116 0.000000 0.746745 0.637773 -0.188726 -0.000000 -0.171230 -0.089842 -0.981126 -7.451144 0.000000 0.000000 0.000000 1.000000
-0.642535 0.764989 0.044053 0.000000 0.746467 0.637887 -0.189440 -0.000000 -0.173020 -0.088838 -0.980903 -7.451145 0.000000 0.000000 0.000000 1.000000
-0.642714 0.764724 0.046012 0.000000 0.745905 0.638338 -0.190135 -0.000000 -0.174772 -0.087881 -0.980679 -7.451145 0.000000 0.000000 0.000000 1.000000
-0.643212 0.764184 0.047975 0.000000 0.745075 0.639107 -0.190804 -0.000000 -0.176470 -0.086983 -0.980455 -7.451145 0.000000 0.000000 0.000000 1.000000
-0.644002 0.763393 0.049917 0.000000 0.744004 0.640164 -0.191440 -0.000000 -0.178099 -0.086150 -0.980234 -7.451145 0.000000 0.000000 0.000000 1.000000
-0.645047 0.762384 0.051817 0.000000 0.742726 0.641467 -0.192037 -0.000000 -0.179645 -0.085387 -0.980019 -7.451145 0.000000 0.000000 0.000000 1.000000
-0.646296 0.761199 0.053651 0.000000 0.741287 0.642965 -0.192590 -0.000000 -0.181095 -0.084700 -0.979811 -7.451145 0.000000 0.000000 0.000000 1.000000
-0.647694 0.759885 0.055395 0.000000 0.739736 0.644597 -0.193095 -0.000000 -0.182438 -0.084089 -0.979615 -7.451145 0.000000 0.000000 0.000000 1.000000
-0.649177 0.758497 0.057025 0.000000 0.738131 0.646298 -0.193549 -0.000000 -0.183662 -0.083556 -0.979432 -7.451145 0.000000 0.000000 0.000000 1.000000
-0.650676 0.757097 0.058519 0.000000 0.736535 0.647997 -0.193950 -0.000000 -0.184759 -0.083097 -0.979264 -7.451145 0.000000 0.000000 0.000000 1.000000
-0.652124 0.755746 0.059847 0.000000 0.735013 0.649620 -0.194294 -0.000000 -0.185715 -0.082715 -0.979116 -7.451144 0.000000 0.000000 0.000000 1.000000
-0.653449 0.754510 0.060989 0.000000 0.733630 0.651096 -0.194580 -0.000000 -0.186523 -0.082405 -0.978988 -7.451145 0.000000 0.000000 0.000000 1.000000
-0.654581 0.753452 0.061920 0.000000 0.732454 0.652350 -0.194808 -0.000000 -0.187172 -0.082164 -0.978885 -7.451145 0.000000 0.000000 0.000000 1.000000
-0.655457 0.752633 0.062610 0.000000 0.731549 0.653316 -0.194972 -0.000000 -0.187647 -0.081994 -0.978808 -7.451145 0.000000 0.000000 0.000000 1.000000
-0.656016 0.752107 0.063077 0.000000 0.730965 0.653937 -0.195083 -0.000000 -0.187971 -0.081871 -0.978756 -7.451145 0.000000 0.000000 0.000000 1.000000
-0.656213 0.751925 0.063198 0.000000 0.730768 0.654148 -0.195111 -0.000000 -0.188049 -0.081851 -0.978743 -7.451145 0.000000 0.000000 0.000000 1.000000</float_array><technique_common><accessor source="#RLeg1-Matrix-animation-output-transform-array" count="31" stride="16"><param type="float4x4"/></accessor></technique_common></source><source id="RLeg1-Interpolations"><Name_array id="RLeg1-Interpolations-array" count="31">
 LINEAR LINEAR LINEAR LINEAR LINEAR LINEAR LINEAR LINEAR LINEAR LINEAR LINEAR
LINEAR LINEAR LINEAR LINEAR LINEAR LINEAR LINEAR LINEAR LINEAR LINEAR LINEAR LINEAR
LINEAR LINEAR LINEAR LINEAR LINEAR LINEAR LINEAR LINEAR</Name_array><technique_common><accessor source="#RLeg1-Interpolations-array" count="31"><param type="name"/></accessor></technique_common></source><sampler id="RLeg1-Matrix-animation-transform"><input semantic="INPUT" source="#RLeg1-Matrix-animation-input"/><input semantic="OUTPUT" source="#RLeg1-Matrix-animation-output-transform"/><input semantic="INTERPOLATION" source="#RLeg1-Interpolations"/></sampler><channel source="#RLeg1-Matrix-animation-transform" target="RLeg1/matrix"/></animation></animation>
    <animation id="RLeg2-anim" name="RLeg2"><animation><source id="RLeg2-Matrix-animation-input"><float_array id="RLeg2-Matrix-animation-input-array" count="31">

0.000000 0.033333 0.066667 0.100000 0.133333 0.166667 0.200000 0.233333 0.266667 0.300000 0.333333 0.366667 0.400000 0.433333 0.466667 0.500000
0.533333 0.566667 0.600000 0.633333 0.666667 0.700000 0.733333 0.766667 0.800000 0.833333 0.866667 0.900000 0.933333 0.966667 1.000000</float_array><technique_common><accessor source="#RLeg2-Matrix-animation-input-array" count="31"><param name="TIME" type="float"/></accessor></technique_common></source><source id="RLeg2-Matrix-animation-output-transform"><float_array id="RLeg2-Matrix-animation-output-transform-array" count="496">

0.541803 0.839916 0.031464 30.975603 -0.840230 0.542204 -0.005285 -0.000042 -0.021499 -0.023574 0.999491 0.000003 0.000000 0.000000 0.000000 1.000000
0.585731 0.809930 0.030542 30.975599 -0.810232 0.586096 -0.003912 -0.000038 -0.021069 -0.022454 0.999526 0.000004 0.000000 0.000000 0.000000 1.000000
0.687843 0.725345 0.027331 30.975597 -0.725616 0.688100 0.000013 -0.000034 -0.018797 -0.019841 0.999626 0.000002 0.000000 0.000000 0.000000 1.000000
0.753531 0.656945 0.024784 30.975601 -0.657191 0.753720 0.002487 -0.000031 -0.017047 -0.018162 0.999690 0.000002 0.000000 0.000000 0.000000 1.000000
0.752457 0.658173 0.024830 30.975601 -0.658420 0.752647 0.002446 -0.000038 -0.017078 -0.018189 0.999689 0.000002 0.000000 0.000000 0.000000 1.000000
0.749352 0.661701 0.024961 30.975601 -0.661949 0.749545 0.002329 -0.000042 -0.017168 -0.018269 0.999686 0.000002 0.000000 0.000000 0.000000 1.000000
0.744214 0.667477 0.024900 30.975595 -0.667727 0.744403 0.002383 -0.000027 -0.016946 -0.018400 0.999687 0.000001 0.000000 0.000000 0.000000 1.000000
0.737509 0.674857 0.025481 30.975609 -0.675109 0.737715 0.001855 -0.000031 -0.017546 -0.018571 0.999674 0.000002 0.000000 0.000000 0.000000 1.000000
0.729698 0.683281 0.025842 30.975597 -0.683537 0.729915 0.001517 -0.000034 -0.017826 -0.018770 0.999665 0.000002 0.000000 0.000000 0.000000 1.000000
0.720430 0.693041 0.025962 30.975605 -0.693300 0.720647 0.001399 -0.000031 -0.017739 -0.019008 0.999662 0.000003 0.000000 0.000000 0.000000 1.000000
0.710275 0.703422 0.026590 30.975605 -0.703686 0.710511 0.000783 -0.000042 -0.018341 -0.019267 0.999646 0.000002 0.000000 0.000000 0.000000 1.000000
0.699073 0.714542 0.026957 30.975599 -0.714810 0.699319 0.000406 -0.000031 -0.018561 -0.019553 0.999637 0.000003 0.000000 0.000000 0.000000 1.000000
0.687657 0.725527 0.027179 30.975597 -0.725798 0.687908 0.000174 -0.000034 -0.018571 -0.019846 0.999630 0.000002 0.000000 0.000000 0.000000 1.000000
0.675651 0.736696 0.027828 30.975601 -0.736971 0.675924 -0.000522 -0.000042 -0.019194 -0.020156 0.999613 0.000001 0.000000 0.000000 0.000000 1.000000
0.663563 0.747596 0.028009 30.975601 -0.747876 0.663838 -0.000726 -0.000034 -0.019136 -0.020465 0.999607 -0.000000 0.000000 0.000000 0.000000 1.000000
0.651339 0.758247 0.028627 30.975595 -0.758530 0.651637 -0.001439 -0.000038 -0.019746 -0.020778 0.999589 0.000003 0.000000 0.000000 0.000000 1.000000
0.639609 0.768159 0.028866 30.975605 -0.768446 0.639913 -0.001734 -0.000038 -0.019804 -0.021073 0.999582 0.000004 0.000000 0.000000 0.000000 1.000000
0.627560 0.778014 0.029360 30.975599 -0.778305 0.627882 -0.002335 -0.000034 -0.020252 -0.021385 0.999566 0.000002 0.000000 0.000000 0.000000 1.000000
0.616219 0.787015 0.029691 30.975603 -0.787308 0.616554 -0.002765 -0.000038 -0.020482 -0.021672 0.999555 0.000003 0.000000 0.000000 0.000000 1.000000
0.605468 0.795312 0.029794 30.975609 -0.795609 0.605804 -0.002903 -0.000038 -0.020358 -0.021947 0.999552 0.000002 0.000000 0.000000 0.000000 1.000000
0.595278 0.802957 0.030080 30.975603 -0.803257 0.595623 -0.003284 -0.000034 -0.020553 -0.022207 0.999542 0.000002 0.000000 0.000000 0.000000 1.000000
0.585694 0.809965 0.030301 30.975599 -0.810268 0.586048 -0.003584 -0.000038 -0.020661 -0.022452 0.999534 0.000004 0.000000 0.000000 0.000000 1.000000
0.577026 0.816146 0.030772 30.975605 -0.816450 0.577401 -0.004240 -0.000038 -0.021228 -0.022677 0.999517 0.000001 0.000000 0.000000 0.000000 1.000000
0.569489 0.821420 0.030851 30.975599 -0.821726 0.569866 -0.004365 -0.000034 -0.021166 -0.022865 0.999514 0.000000 0.000000 0.000000 0.000000 1.000000
0.562520 0.826201 0.031031 30.975601 -0.826509 0.562904 -0.004629 -0.000034 -0.021291 -0.023044 0.999508 0.000004 0.000000 0.000000 0.000000 1.000000
0.556502 0.830261 0.031180 30.975603 -0.830571 0.556892 -0.004852 -0.000038 -0.021393 -0.023197 0.999502 0.000002 0.000000 0.000000 0.000000 1.000000
0.550907 0.833979 0.031298 30.975603 -0.834291 0.551302 -0.005028 -0.000038 -0.021448 -0.023341 0.999497 0.000004 0.000000 0.000000 0.000000 1.000000
0.547298 0.836352 0.031309 30.975605 -0.836665 0.547691 -0.005045 -0.000034 -0.021367 -0.023434 0.999497 0.000000 0.000000 0.000000 0.000000 1.000000
0.543776 0.838640 0.031469 30.975601 -0.838953 0.544178 -0.005292 -0.000034 -0.021563 -0.023523 0.999491 0.000004 0.000000 0.000000 0.000000 1.000000
0.542613 0.839390 0.031553 30.975605 -0.839703 0.543019 -0.005421 -0.000034 -0.021684 -0.023553 0.999488 0.000003 0.000000 0.000000 0.000000 1.000000
0.541803 0.839916 0.031464 30.975603 -0.840230 0.542204 -0.005285 -0.000042 -0.021499 -0.023574 0.999491 0.000003 0.000000 0.000000 0.000000 1.000000</float_array><technique_common><accessor source="#RLeg2-Matrix-animation-output-transform-array" count="31" stride="16"><param type="float4x4"/></accessor></technique_common></source><source id="RLeg2-Interpolations"><Name_array id="RLeg2-Interpolations-array" count="31">
 LINEAR LINEAR LINEAR LINEAR LINEAR LINEAR LINEAR LINEAR LINEAR LINEAR LINEAR
LINEAR LINEAR LINEAR LINEAR LINEAR LINEAR LINEAR LINEAR LINEAR LINEAR LINEAR LINEAR
