<?xml version="1.0" encoding="utf-8"?>
<COLLADA xmlns="http://www.collada.org/2005/11/COLLADASchema" version="1.4.1">
  <asset><contributor><author></author><authoring_tool>FBX COLLADA exporter</authoring_tool><comments></comments></contributor><created>2015-05-01T22:32:50Z</created><keywords></keywords><modified>2015-05-01T22:32:50Z</modified><revision></revision><subject></subject><title></title><unit meter="1.000000" name="centimeter"></unit><up_axis>Y_UP</up_axis></asset>
  <library_animations>
    <animation id="DroidControl-anim" name="DroidControl"><animation><source id="DroidControl-Matrix-animation-input"><float_array id="DroidControl-Matrix-animation-input-array" count="0">
</float_array><technique_common><accessor source="#DroidControl-Matrix-animation-input-array" count="0"><param name="TIME" type="float"/></accessor></technique_common></source><source id="DroidControl-Matrix-animation-output-transform"><float_array id="DroidControl-Matrix-animation-output-transform-array" count="0">
</float_array><technique_common><accessor source="#DroidControl-Matrix-animation-output-transform-array" count="0" stride="16"><param type="float4x4"/></accessor></technique_common></source><source id="DroidControl-Interpolations"><Name_array id="DroidControl-Interpolations-array" count="0">
</Name_array><technique_common><accessor source="#DroidControl-Interpolations-array" count="0"><param type="name"/></accessor></technique_common></source><sampler id="DroidControl-Matrix-animation-transform"><input semantic="INPUT" source="#DroidControl-Matrix-animation-input"/><input semantic="OUTPUT" source="#DroidControl-Matrix-animation-output-transform"/><input semantic="INTERPOLATION" source="#DroidControl-Interpolations"/></sampler><channel source="#DroidControl-Matrix-animation-transform" target="DroidControl/matrix"/></animation></animation>
    <animation id="Pelvis-anim" name="Pelvis"><animation><source id="Pelvis-Matrix-animation-input"><float_array id="Pelvis-Matrix-animation-input-array" count="101">

0.000000 0.033333 0.066667 0.100000 0.133333 0.166667 0.200000 0.233333 0.266667 0.300000 0.333333 0.366667 0.400000 0.433333 0.466667 0.500000
0.533333 0.566667 0.600000 0.633333 0.666667 0.700000 0.733333 0.766667 0.800000 0.833333 0.866667 0.900000 0.933333 0.966667 1.000000 1.033333
1.066667 1.100000 1.133333 1.166667 1.200000 1.233333 1.266667 1.300000 1.333333 1.366667 1.400000 1.433333 1.466667 1.500000 1.533333 1.566667
1.600000 1.633333 1.666667 1.700000 1.733333 1.766667 1.800000 1.833333 1.866667 1.900000 1.933333 1.966667 2.000000 2.033333 2.066667 2.100000
2.133333 2.166667 2.200000 2.233333 2.266667 2.300000 2.333333 2.366667 2.400000 2.433333 2.466667 2.500000 2.533333 2.566667 2.600000 2.633333
2.666667 2.700000 2.733333 2.766667 2.800000 2.833333 2.866667 2.900000 2.933333 2.966667 3.000000 3.033333 3.066667 3.100000 3.133333 3.166667
3.200000 3.233333 3.266667 3.300000 3.333333</float_array><technique_common><accessor source="#Pelvis-Matrix-animation-input-array" count="101"><param name="TIME" type="float"/></accessor></technique_common></source><source id="Pelvis-Matrix-animation-output-transform"><float_array id="Pelvis-Matrix-animation-output-transform-array" count="1616">

0.000000 -0.000000 1.000000 -0.000000 1.000000 0.000000 -0.000000 72.557053 0.000000 1.000000 0.000000 1.670779 0.000000 0.000000 0.000000 1.000000
0.000000 -0.000000 1.000000 -0.000000 1.000000 0.000000 -0.000000 72.555023 0.000000 1.000000 0.000000 1.667240 0.000000 0.000000 0.000000 1.000000
0.000000 -0.000000 1.000000 -0.000000 1.000000 0.000000 -0.000000 72.549026 0.000000 1.000000 0.000000 1.656815 0.000000 0.000000 0.000000 1.000000
0.000000 -0.000000 1.000000 -0.000000 1.000000 0.000000 -0.000000 72.539246 0.000000 1.000000 0.000000 1.639791 0.000000 0.000000 0.000000 1.000000
0.000000 -0.000000 1.000000 -0.000000 1.000000 0.000000 -0.000000 72.525841 0.000000 1.000000 0.000000 1.616454 0.000000 0.000000 0.000000 1.000000
0.000000 -0.000000 1.000000 -0.000000 1.000000 0.000000 -0.000000 72.508972 0.000000 1.000000 0.000000 1.587092 0.000000 0.000000 0.000000 1.000000
0.000000 -0.000000 1.000000 -0.000000 1.000000 0.000000 -0.000000 72.488800 0.000000 1.000000 0.000000 1.551991 0.000000 0.000000 0.000000 1.000000
0.000000 -0.000000 1.000000 -0.000000 1.000000 0.000000 -0.000000 72.465508 0.000000 1.000000 0.000000 1.511439 0.000000 0.000000 0.000000 1.000000
0.000000 -0.000000 1.000000 -0.000000 1.000000 0.000000 -0.000000 72.439240 0.000000 1.000000 0.000000 1.465722 0.000000 0.000000 0.000000 1.000000
0.000000 -0.000000 1.000000 -0.000000 1.000000 0.000000 -0.000000 72.410172 0.000000 1.000000 0.000000 1.415127 0.000000 0.000000 0.000000 1.000000
0.000000 -0.000000 1.000000 -0.000000 1.000000 0.000000 -0.000000 72.378464 0.000000 1.000000 0.000000 1.359941 0.000000 0.000000 0.000000 1.000000
0.000000 -0.000000 1.000000 -0.000000 1.000000 0.000000 -0.000000 72.344284 0.000000 1.000000 0.000000 1.300452 0.000000 0.000000 0.000000 1.000000
0.000000 -0.000000 1.000000 -0.000000 1.000000 0.000000 -0.000000 72.307793 0.000000 1.000000 0.000000 1.236945 0.000000 0.000000 0.000000 1.000000
0.000000 -0.000000 1.000000 -0.000000 1.000000 0.000000 -0.000000 72.269165 0.000000 1.000000 0.000000 1.169709 0.000000 0.000000 0.000000 1.000000
0.000000 -0.000000 1.000000 -0.000000 1.000000 0.000000 -0.000000 72.228554 0.000000 1.000000 0.000000 1.099029 0.000000 0.000000 0.000000 1.000000
0.000000 -0.000000 1.000000 -0.000000 1.000000 0.000000 -0.000000 72.186134 0.000000 1.000000 0.000000 1.025193 0.000000 0.000000 0.000000 1.000000
0.000000 -0.000000 1.000000 -0.000000 1.000000 0.000000 -0.000000 72.142059 0.000000 1.000000 0.000000 0.948488 0.000000 0.000000 0.000000 1.000000
0.000000 -0.000000 1.000000 -0.000000 1.000000 0.000000 -0.000000 72.096504 0.000000 1.000000 0.000000 0.869200 0.000000 0.000000 0.000000 1.000000
0.000000 -0.000000 1.000000 -0.000000 1.000000 0.000000 -0.000000 72.049637 0.000000 1.000000 0.000000 0.787618 0.000000 0.000000 0.000000 1.000000
0.000000 -0.000000 1.000000 -0.000000 1.000000 0.000000 -0.000000 72.001610 0.000000 1.000000 0.000000 0.704026 0.000000 0.000000 0.000000 1.000000
0.000000 -0.000000 1.000000 -0.000000 1.000000 0.000000 -0.000000 71.952591 0.000000 1.000000 0.000000 0.618713 0.000000 0.000000 0.000000 1.000000
0.000000 -0.000000 1.000000 -0.000000 1.000000 0.000000 -0.000000 71.902748 0.000000 1.000000 0.000000 0.531965 0.000000 0.000000 0.000000 1.000000
0.000000 -0.000000 1.000000 -0.000000 1.000000 0.000000 -0.000000 71.852249 0.000000 1.000000 0.000000 0.444070 0.000000 0.000000 0.000000 1.000000
0.000000 -0.000000 1.000000 -0.000000 1.000000 0.000000 -0.000000 71.801254 0.000000 1.000000 0.000000 0.355314 0.000000 0.000000 0.000000 1.000000
0.000000 -0.000000 1.000000 -0.000000 1.000000 0.000000 -0.000000 71.749931 0.000000 1.000000 0.000000 0.265984 0.000000 0.000000 0.000000 1.000000
0.000000 -0.000000 1.000000 -0.000000 1.000000 0.000000 -0.000000 71.698441 0.000000 1.000000 0.000000 0.176367 0.000000 0.000000 0.000000 1.000000
0.000000 -0.000000 1.000000 -0.000000 1.000000 0.000000 -0.000000 71.646950 0.000000 1.000000 0.000000 0.086750 0.000000 0.000000 0.000000 1.000000
0.000000 -0.000000 1.000000 -0.000000 1.000000 0.000000 -0.000000 71.595627 0.000000 1.000000 0.000000 -0.002580 0.000000 0.000000 0.000000 1.000000
0.000000 -0.000000 1.000000 -0.000000 1.000000 0.000000 -0.000000 71.544632 0.000000 1.000000 0.000000 -0.091336 0.000000 0.000000 0.000000 1.000000
0.000000 -0.000000 1.000000 -0.000000 1.000000 0.000000 -0.000000 71.494133 0.000000 1.000000 0.000000 -0.179231 0.000000 0.000000 0.000000 1.000000
0.000000 -0.000000 1.000000 -0.000000 1.000000 0.000000 -0.000000 71.444290 0.000000 1.000000 0.000000 -0.265979 0.000000 0.000000 0.000000 1.000000
0.000000 -0.000000 1.000000 -0.000000 1.000000 0.000000 -0.000000 71.395271 0.000000 1.000000 0.000000 -0.351292 0.000000 0.000000 0.000000 1.000000
0.000000 -0.000000 1.000000 -0.000000 1.000000 0.000000 -0.000000 71.347244 0.000000 1.000000 0.000000 -0.434883 0.000000 0.000000 0.000000 1.000000
0.000000 -0.000000 1.000000 -0.000000 1.000000 0.000000 -0.000000 71.300377 0.000000 1.000000 0.000000 -0.516466 0.000000 0.000000 0.000000 1.000000
0.000000 -0.000000 1.000000 -0.000000 1.000000 0.000000 -0.000000 71.254822 0.000000 1.000000 0.000000 -0.595753 0.000000 0.000000 0.000000 1.000000
0.000000 -0.000000 1.000000 -0.000000 1.000000 0.000000 -0.000000 71.210747 0.000000 1.000000 0.000000 -0.672458 0.000000 0.000000 0.000000 1.000000
0.000000 -0.000000 1.000000 -0.000000 1.000000 0.000000 -0.000000 71.168327 0.000000 1.000000 0.000000 -0.746294 0.000000 0.000000 0.000000 1.000000
0.000000 -0.000000 1.000000 -0.000000 1.000000 0.000000 -0.000000 71.127716 0.000000 1.000000 0.000000 -0.816974 0.000000 0.000000 0.000000 1.000000
0.000000 -0.000000 1.000000 -0.000000 1.000000 0.000000 -0.000000 71.089088 0.000000 1.000000 0.000000 -0.884211 0.000000 0.000000 0.000000 1.000000
0.000000 -0.000000 1.000000 -0.000000 1.000000 0.000000 -0.000000 71.052597 0.000000 1.000000 0.000000 -0.947717 0.000000 0.000000 0.000000 1.000000
0.000000 -0.000000 1.000000 -0.000000 1.000000 0.000000 -0.000000 71.018417 0.000000 1.000000 0.000000 -1.007207 0.000000 0.000000 0.000000 1.000000
0.000000 -0.000000 1.000000 -0.000000 1.000000 0.000000 -0.000000 70.986710 0.000000 1.000000 0.000000 -1.062392 0.000000 0.000000 0.000000 1.000000
0.000000 -0.000000 1.000000 -0.000000 1.000000 0.000000 -0.000000 70.957642 0.000000 1.000000 0.000000 -1.112987 0.000000 0.000000 0.000000 1.000000
0.000000 -0.000000 1.000000 -0.000000 1.000000 0.000000 -0.000000 70.931374 0.000000 1.000000 0.000000 -1.158704 0.000000 0.000000 0.000000 1.000000
0.000000 -0.000000 1.000000 -0.000000 1.000000 0.000000 -0.000000 70.908081 0.000000 1.000000 0.000000 -1.199256 0.000000 0.000000 0.000000 1.000000
0.000000 -0.000000 1.000000 -0.000000 1.000000 0.000000 -0.000000 70.887909 0.000000 1.000000 0.000000 -1.234357 0.000000 0.000000 0.000000 1.000000
0.000000 -0.000000 1.000000 -0.000000 1.000000 0.000000 -0.000000 70.871040 0.000000 1.000000 0.000000 -1.263719 0.000000 0.000000 0.000000 1.000000
0.000000 -0.000000 1.000000 -0.000000 1.000000 0.000000 -0.000000 70.857635 0.000000 1.000000 0.000000 -1.287056 0.000000 0.000000 0.000000 1.000000
0.000000 -0.000000 1.000000 -0.000000 1.000000 0.000000 -0.000000 70.847855 0.000000 1.000000 0.000000 -1.304081 0.000000 0.000000 0.000000 1.000000
0.000000 -0.000000 1.000000 -0.000000 1.000000 0.000000 -0.000000 70.841866 0.000000 1.000000 0.000000 -1.314505 0.000000 0.000000 0.000000 1.000000
0.000000 -0.000000 1.000000 -0.000000 1.000000 0.000000 -0.000000 70.839828 0.000000 1.000000 0.000000 -1.318044 0.000000 0.000000 0.000000 1.000000
0.000000 -0.000000 1.000000 -0.000000 1.000000 0.000000 -0.000000 70.841858 0.000000 1.000000 0.000000 -1.314505 0.000000 0.000000 0.000000 1.000000
0.000000 -0.000000 1.000000 -0.000000 1.000000 0.000000 -0.000000 70.847855 0.000000 1.000000 0.000000 -1.304080 0.000000 0.000000 0.000000 1.000000
0.000000 -0.000000 1.000000 -0.000000 1.000000 0.000000 -0.000000 70.857635 0.000000 1.000000 0.000000 -1.287056 0.000000 0.000000 0.000000 1.000000
0.000000 -0.000000 1.000000 -0.000000 1.000000 0.000000 -0.000000 70.871040 0.000000 1.000000 0.000000 -1.263719 0.000000 0.000000 0.000000 1.000000
0.000000 -0.000000 1.000000 -0.000000 1.000000 0.000000 -0.000000 70.887909 0.000000 1.000000 0.000000 -1.234357 0.000000 0.000000 0.000000 1.000000
0.000000 -0.000000 1.000000 -0.000000 1.000000 0.000000 -0.000000 70.908081 0.000000 1.000000 0.000000 -1.199256 0.000000 0.000000 0.000000 1.000000
0.000000 -0.000000 1.000000 -0.000000 1.000000 0.000000 -0.000000 70.931374 0.000000 1.000000 0.000000 -1.158704 0.000000 0.000000 0.000000 1.000000
0.000000 -0.000000 1.000000 -0.000000 1.000000 0.000000 -0.000000 70.957642 0.000000 1.000000 0.000000 -1.112987 0.000000 0.000000 0.000000 1.000000
0.000000 -0.000000 1.000000 -0.000000 1.000000 0.000000 -0.000000 70.986710 0.000000 1.000000 0.000000 -1.062392 0.000000 0.000000 0.000000 1.000000
0.000000 -0.000000 1.000000 -0.000000 1.000000 0.000000 -0.000000 71.018417 0.000000 1.000000 0.000000 -1.007207 0.000000 0.000000 0.000000 1.000000
0.000000 -0.000000 1.000000 -0.000000 1.000000 0.000000 -0.000000 71.052597 0.000000 1.000000 0.000000 -0.947717 0.000000 0.000000 0.000000 1.000000
0.000000 -0.000000 1.000000 -0.000000 1.000000 0.000000 -0.000000 71.089088 0.000000 1.000000 0.000000 -0.884211 0.000000 0.000000 0.000000 1.000000
0.000000 -0.000000 1.000000 -0.000000 1.000000 0.000000 -0.000000 71.127716 0.000000 1.000000 0.000000 -0.816974 0.000000 0.000000 0.000000 1.000000
0.000000 -0.000000 1.000000 -0.000000 1.000000 0.000000 -0.000000 71.168327 0.000000 1.000000 0.000000 -0.746294 0.000000 0.000000 0.000000 1.000000
0.000000 -0.000000 1.000000 -0.000000 1.000000 0.000000 -0.000000 71.210747 0.000000 1.000000 0.000000 -0.672459 0.000000 0.000000 0.000000 1.000000
0.000000 -0.000000 1.000000 -0.000000 1.000000 0.000000 -0.000000 71.254822 0.000000 1.000000 0.000000 -0.595753 0.000000 0.000000 0.000000 1.000000
0.000000 -0.000000 1.000000 -0.000000 1.000000 0.000000 -0.000000 71.300377 0.000000 1.000000 0.000000 -0.516466 0.000000 0.000000 0.000000 1.000000
0.000000 -0.000000 1.000000 -0.000000 1.000000 0.000000 -0.000000 71.347244 0.000000 1.000000 0.000000 -0.434883 0.000000 0.000000 0.000000 1.000000
0.000000 -0.000000 1.000000 -0.000000 1.000000 0.000000 -0.000000 71.395271 0.000000 1.000000 0.000000 -0.351291 0.000000 0.000000 0.000000 1.000000
0.000000 -0.000000 1.000000 -0.000000 1.000000 0.000000 -0.000000 71.444290 0.000000 1.000000 0.000000 -0.265978 0.000000 0.000000 0.000000 1.000000
0.000000 -0.000000 1.000000 -0.000000 1.000000 0.000000 -0.000000 71.494133 0.000000 1.000000 0.000000 -0.179231 0.000000 0.000000 0.000000 1.000000
0.000000 -0.000000 1.000000 -0.000000 1.000000 0.000000 -0.000000 71.544632 0.000000 1.000000 0.000000 -0.091336 0.000000 0.000000 0.000000 1.000000
0.000000 -0.000000 1.000000 -0.000000 1.000000 0.000000 -0.000000 71.595627 0.000000 1.000000 0.000000 -0.002579 0.000000 0.000000 0.000000 1.000000
0.000000 -0.000000 1.000000 -0.000000 1.000000 0.000000 -0.000000 71.646950 0.000000 1.000000 0.000000 0.086750 0.000000 0.000000 0.000000 1.000000
0.000000 -0.000000 1.000000 -0.000000 1.000000 0.000000 -0.000000 71.698441 0.000000 1.000000 0.000000 0.176367 0.000000 0.000000 0.000000 1.000000
0.000000 -0.000000 1.000000 -0.000000 1.000000 0.000000 -0.000000 71.749931 0.000000 1.000000 0.000000 0.265984 0.000000 0.000000 0.000000 1.000000
0.000000 -0.000000 1.000000 -0.000000 1.000000 0.000000 -0.000000 71.801254 0.000000 1.000000 0.000000 0.355314 0.000000 0.000000 0.000000 1.000000
0.000000 -0.000000 1.000000 -0.000000 1.000000 0.000000 -0.000000 71.852249 0.000000 1.000000 0.000000 0.444070 0.000000 0.000000 0.000000 1.000000
0.000000 -0.000000 1.000000 -0.000000 1.000000 0.000000 -0.000000 71.902748 0.000000 1.000000 0.000000 0.531965 0.000000 0.000000 0.000000 1.000000
0.000000 -0.000000 1.000000 -0.000000 1.000000 0.000000 -0.000000 71.952591 0.000000 1.000000 0.000000 0.618713 0.000000 0.000000 0.000000 1.000000
0.000000 -0.000000 1.000000 -0.000000 1.000000 0.000000 -0.000000 72.001610 0.000000 1.000000 0.000000 0.704026 0.000000 0.000000 0.000000 1.000000
0.000000 -0.000000 1.000000 -0.000000 1.000000 0.000000 -0.000000 72.049637 0.000000 1.000000 0.000000 0.787617 0.000000 0.000000 0.000000 1.000000
0.000000 -0.000000 1.000000 -0.000000 1.000000 0.000000 -0.000000 72.096504 0.000000 1.000000 0.000000 0.869201 0.000000 0.000000 0.000000 1.000000
0.000000 -0.000000 1.000000 -0.000000 1.000000 0.000000 -0.000000 72.142059 0.000000 1.000000 0.000000 0.948488 0.000000 0.000000 0.000000 1.000000
0.000000 -0.000000 1.000000 -0.000000 1.000000 0.000000 -0.000000 72.186134 0.000000 1.000000 0.000000 1.025193 0.000000 0.000000 0.000000 1.000000
0.000000 -0.000000 1.000000 -0.000000 1.000000 0.000000 -0.000000 72.228554 0.000000 1.000000 0.000000 1.099029 0.000000 0.000000 0.000000 1.000000
0.000000 -0.000000 1.000000 -0.000000 1.000000 0.000000 -0.000000 72.269165 0.000000 1.000000 0.000000 1.169709 0.000000 0.000000 0.000000 1.000000
0.000000 -0.000000 1.000000 -0.000000 1.000000 0.000000 -0.000000 72.307793 0.000000 1.000000 0.000000 1.236945 0.000000 0.000000 0.000000 1.000000
0.000000 -0.000000 1.000000 -0.000000 1.000000 0.000000 -0.000000 72.344284 0.000000 1.000000 0.000000 1.300452 0.000000 0.000000 0.000000 1.000000
0.000000 -0.000000 1.000000 -0.000000 1.000000 0.000000 -0.000000 72.378464 0.000000 1.000000 0.000000 1.359941 0.000000 0.000000 0.000000 1.000000
0.000000 -0.000000 1.000000 -0.000000 1.000000 0.000000 -0.000000 72.410172 0.000000 1.000000 0.000000 1.415127 0.000000 0.000000 0.000000 1.000000
0.000000 -0.000000 1.000000 -0.000000 1.000000 0.000000 -0.000000 72.439240 0.000000 1.000000 0.000000 1.465722 0.000000 0.000000 0.000000 1.000000
0.000000 -0.000000 1.000000 -0.000000 1.000000 0.000000 -0.000000 72.465508 0.000000 1.000000 0.000000 1.511439 0.000000 0.000000 0.000000 1.000000
0.000000 -0.000000 1.000000 -0.000000 1.000000 0.000000 -0.000000 72.488800 0.000000 1.000000 0.000000 1.551991 0.000000 0.000000 0.000000 1.000000
0.000000 -0.000000 1.000000 -0.000000 1.000000 0.000000 -0.000000 72.508972 0.000000 1.000000 0.000000 1.587092 0.000000 0.000000 0.000000 1.000000
0.000000 -0.000000 1.000000 -0.000000 1.000000 0.000000 -0.000000 72.525841 0.000000 1.000000 0.000000 1.616454 0.000000 0.000000 0.000000 1.000000
0.000000 -0.000000 1.000000 -0.000000 1.000000 0.000000 -0.000000 72.539246 0.000000 1.000000 0.000000 1.639791 0.000000 0.000000 0.000000 1.000000
0.000000 -0.000000 1.000000 -0.000000 1.000000 0.000000 -0.000000 72.549026 0.000000 1.000000 0.000000 1.656815 0.000000 0.000000 0.000000 1.000000
0.000000 -0.000000 1.000000 -0.000000 1.000000 0.000000 -0.000000 72.555016 0.000000 1.000000 0.000000 1.667240 0.000000 0.000000 0.000000 1.000000
0.000000 -0.000000 1.000000 -0.000000 1.000000 0.000000 -0.000000 72.557053 0.000000 1.000000 0.000000 1.670779 0.000000 0.000000 0.000000 1.000000</float_array><technique_common><accessor source="#Pelvis-Matrix-animation-output-transform-array" count="101" stride="16"><param type="float4x4"/></accessor></technique_common></source><source id="Pelvis-Interpolations"><Name_array id="Pelvis-Interpolations-array" count="101">
 LINEAR LINEAR LINEAR LINEAR LINEAR LINEAR LINEAR LINEAR LINEAR LINEAR LINEAR
LINEAR LINEAR LINEAR LINEAR LINEAR LINEAR LINEAR LINEAR LINEAR LINEAR LINEAR LINEAR
LINEAR LINEAR LINEAR LINEAR LINEAR LINEAR LINEAR LINEAR LINEAR LINEAR LINEAR LINEAR
LINEAR LINEAR LINEAR LINEAR LINEAR LINEAR LINEAR LINEAR LINEAR LINEAR LINEAR LINEAR
LINEAR LINEAR LINEAR LINEAR LINEAR LINEAR LINEAR LINEAR LINEAR LINEAR LINEAR LINEAR
LINEAR LINEAR LINEAR LINEAR LINEAR LINEAR LINEAR LINEAR LINEAR LINEAR LINEAR LINEAR
LINEAR LINEAR LINEAR LINEAR LINEAR LINEAR LINEAR LINEAR LINEAR LINEAR LINEAR LINEAR
LINEAR LINEAR LINEAR LINEAR LINEAR LINEAR LINEAR LINEAR LINEAR LINEAR LINEAR LINEAR
LINEAR LINEAR LINEAR LINEAR LINEAR LINEAR</Name_array><technique_common><accessor source="#Pelvis-Interpolations-array" count="101"><param type="name"/></accessor></technique_common></source><sampler id="Pelvis-Matrix-animation-transform"><input semantic="INPUT" source="#Pelvis-Matrix-animation-input"/><input semantic="OUTPUT" source="#Pelvis-Matrix-animation-output-transform"/><input semantic="INTERPOLATION" source="#Pelvis-Interpolations"/></sampler><channel source="#Pelvis-Matrix-animation-transform" target="Pelvis/matrix"/></animation></animation>
    <animation id="LLeg1-anim" name="LLeg1"><animation><source id="LLeg1-Matrix-animation-input"><float_array id="LLeg1-Matrix-animation-input-array" count="101">

0.000000 0.033333 0.066667 0.100000 0.133333 0.166667 0.200000 0.233333 0.266667 0.300000 0.333333 0.366667 0.400000 0.433333 0.466667 0.500000
0.533333 0.566667 0.600000 0.633333 0.666667 0.700000 0.733333 0.766667 0.800000 0.833333 0.866667 0.900000 0.933333 0.966667 1.000000 1.033333
1.066667 1.100000 1.133333 1.166667 1.200000 1.233333 1.266667 1.300000 1.333333 1.366667 1.400000 1.433333 1.466667 1.500000 1.533333 1.566667
1.600000 1.633333 1.666667 1.700000 1.733333 1.766667 1.800000 1.833333 1.866667 1.900000 1.933333 1.966667 2.000000 2.033333 2.066667 2.100000
2.133333 2.166667 2.200000 2.233333 2.266667 2.300000 2.333333 2.366667 2.400000 2.433333 2.466667 2.500000 2.533333 2.566667 2.600000 2.633333
2.666667 2.700000 2.733333 2.766667 2.800000 2.833333 2.866667 2.900000 2.933333 2.966667 3.000000 3.033333 3.066667 3.100000 3.133333 3.166667
3.200000 3.233333 3.266667 3.300000 3.333333</float_array><technique_common><accessor source="#LLeg1-Matrix-animation-input-array" count="101"><param name="TIME" type="float"/></accessor></technique_common></source><source id="LLeg1-Matrix-animation-output-transform"><float_array id="LLeg1-Matrix-animation-output-transform-array" count="1616">

-0.984706 0.169574 -0.039970 0.000000 0.170064 0.985390 -0.009190 -0.000000 0.037828 -0.015847 -0.999158 7.451146 0.000000 0.000000 0.000000 1.000000
-0.984664 0.169801 -0.040063 0.000000 0.170293 0.985351 -0.009194 -0.000000 0.037915 -0.015876 -0.999155 7.451146 0.000000 0.000000 0.000000 1.000000
-0.984546 0.170478 -0.040079 0.000000 0.170971 0.985233 -0.009192 -0.000000 0.037920 -0.015902 -0.999154 7.451146 0.000000 0.000000 0.000000 1.000000
-0.984354 0.171579 -0.040105 0.000000 0.172073 0.985042 -0.009187 -0.000000 0.037928 -0.015944 -0.999153 7.451146 0.000000 0.000000 0.000000 1.000000
-0.984089 0.173081 -0.040142 0.000000 0.173577 0.984778 -0.009181 -0.000000 0.037942 -0.016003 -0.999152 7.451146 0.000000 0.000000 0.000000 1.000000
-0.983754 0.174962 -0.040189 0.000000 0.175460 0.984444 -0.009174 -0.000000 0.037958 -0.016076 -0.999150 7.451146 0.000000 0.000000 0.000000 1.000000
-0.983352 0.177197 -0.040243 0.000000 0.177697 0.984043 -0.009165 -0.000000 0.037977 -0.016163 -0.999148 7.451145 0.000000 0.000000 0.000000 1.000000
-0.982884 0.179760 -0.040306 0.000000 0.180262 0.983576 -0.009154 -0.000000 0.037998 -0.016263 -0.999145 7.451145 0.000000 0.000000 0.000000 1.000000
-0.982353 0.182625 -0.040377 0.000000 0.183130 0.983046 -0.009142 -0.000000 0.038023 -0.016375 -0.999143 7.451145 0.000000 0.000000 0.000000 1.000000
-0.981760 0.185769 -0.040454 0.000000 0.186277 0.982455 -0.009129 -0.000000 0.038048 -0.016498 -0.999139 7.451145 0.000000 0.000000 0.000000 1.000000
-0.981108 0.189164 -0.040538 0.000000 0.189674 0.981805 -0.009114 -0.000000 0.038076 -0.016631 -0.999136 7.451145 0.000000 0.000000 0.000000 1.000000
-0.980399 0.192787 -0.040627 0.000000 0.193302 0.981097 -0.009099 -0.000000 0.038105 -0.016773 -0.999133 7.451145 0.000000 0.000000 0.000000 1.000000
-0.979635 0.196614 -0.040721 0.000000 0.197132 0.980335 -0.009081 -0.000000 0.038135 -0.016924 -0.999129 7.451145 0.000000 0.000000 0.000000 1.000000
-0.978818 0.200621 -0.040820 0.000000 0.201143 0.979520 -0.009063 -0.000000 0.038166 -0.017082 -0.999125 7.451145 0.000000 0.000000 0.000000 1.000000
-0.977951 0.204785 -0.040923 0.000000 0.205311 0.978655 -0.009043 -0.000000 0.038198 -0.017246 -0.999121 7.451145 0.000000 0.000000 0.000000 1.000000
-0.977036 0.209084 -0.041029 0.000000 0.209614 0.977743 -0.009023 -0.000000 0.038230 -0.017416 -0.999117 7.451145 0.000000 0.000000 0.000000 1.000000
-0.976077 0.213499 -0.041139 0.000000 0.214033 0.976785 -0.009001 -0.000000 0.038262 -0.017591 -0.999113 7.451145 0.000000 0.000000 0.000000 1.000000
-0.975075 0.218008 -0.041251 0.000000 0.218547 0.975785 -0.008979 -0.000000 0.038294 -0.017770 -0.999108 7.451145 0.000000 0.000000 0.000000 1.000000
-0.974034 0.222591 -0.041364 0.000000 0.223134 0.974747 -0.008955 -0.000000 0.038326 -0.017952 -0.999104 7.451145 0.000000 0.000000 0.000000 1.000000
-0.972957 0.227232 -0.041479 0.000000 0.227780 0.973672 -0.008931 -0.000000 0.038358 -0.018137 -0.999099 7.451145 0.000000 0.000000 0.000000 1.000000
-0.971847 0.231913 -0.041596 0.000000 0.232465 0.972564 -0.008906 -0.000000 0.038389 -0.018325 -0.999095 7.451145 0.000000 0.000000 0.000000 1.000000
-0.970707 0.236617 -0.041713 0.000000 0.237174 0.971427 -0.008880 -0.000000 0.038420 -0.018513 -0.999090 7.451145 0.000000 0.000000 0.000000 1.000000
-0.969542 0.241327 -0.041830 0.000000 0.241889 0.970264 -0.008853 -0.000000 0.038449 -0.018702 -0.999085 7.451145 0.000000 0.000000 0.000000 1.000000
-0.968354 0.246029 -0.041947 0.000000 0.246595 0.969078 -0.008827 -0.000000 0.038478 -0.018891 -0.999081 7.451145 0.000000 0.000000 0.000000 1.000000
-0.967148 0.250707 -0.042064 0.000000 0.251278 0.967875 -0.008799 -0.000000 0.038507 -0.019080 -0.999076 7.451145 0.000000 0.000000 0.000000 1.000000
-0.965928 0.255350 -0.042180 0.000000 0.255926 0.966657 -0.008772 -0.000000 0.038534 -0.019268 -0.999071 7.451145 0.000000 0.000000 0.000000 1.000000
-0.964697 0.259941 -0.042295 0.000000 0.260521 0.965429 -0.008744 -0.000000 0.038560 -0.019454 -0.999067 7.451145 0.000000 0.000000 0.000000 1.000000
-0.963461 0.264470 -0.042408 0.000000 0.265055 0.964194 -0.008716 -0.000000 0.038585 -0.019638 -0.999062 7.451145 0.000000 0.000000 0.000000 1.000000
-0.962222 0.268924 -0.042520 0.000000 0.269513 0.962958 -0.008688 -0.000000 0.038608 -0.019819 -0.999058 7.451145 0.000000 0.000000 0.000000 1.000000
-0.960987 0.273290 -0.042629 0.000000 0.273883 0.961724 -0.008660 -0.000000 0.038631 -0.019997 -0.999053 7.451145 0.000000 0.000000 0.000000 1.000000
-0.959758 0.277557 -0.042737 0.000000 0.278155 0.960497 -0.008632 -0.000000 0.038653 -0.020172 -0.999049 7.451145 0.000000 0.000000 0.000000 1.000000
-0.958541 0.281715 -0.042841 0.000000 0.282317 0.959283 -0.008604 -0.000000 0.038672 -0.020342 -0.999045 7.451145 0.000000 0.000000 0.000000 1.000000
-0.957341 0.285752 -0.042942 0.000000 0.286358 0.958084 -0.008577 -0.000000 0.038692 -0.020508 -0.999040 7.451145 0.000000 0.000000 0.000000 1.000000
-0.956162 0.289657 -0.043041 0.000000 0.290267 0.956908 -0.008550 -0.000000 0.038709 -0.020669 -0.999037 7.451145 0.000000 0.000000 0.000000 1.000000
-0.955009 0.293422 -0.043136 0.000000 0.294037 0.955756 -0.008524 -0.000000 0.038726 -0.020824 -0.999033 7.451145 0.000000 0.000000 0.000000 1.000000
-0.953888 0.297034 -0.043227 0.000000 0.297652 0.954637 -0.008498 -0.000000 0.038741 -0.020973 -0.999029 7.451145 0.000000 0.000000 0.000000 1.000000
-0.952802 0.300487 -0.043314 0.000000 0.301108 0.953552 -0.008474 -0.000000 0.038756 -0.021116 -0.999025 7.451145 0.000000 0.000000 0.000000 1.000000
-0.951757 0.303768 -0.043397 0.000000 0.304393 0.952509 -0.008450 -0.000000 0.038769 -0.021252 -0.999022 7.451145 0.000000 0.000000 0.000000 1.000000
-0.950759 0.306868 -0.043475 0.000000 0.307496 0.951512 -0.008427 -0.000000 0.038781 -0.021381 -0.999019 7.451145 0.000000 0.000000 0.000000 1.000000
-0.949811 0.309778 -0.043549 0.000000 0.310409 0.950566 -0.008406 -0.000000 0.038792 -0.021502 -0.999016 7.451145 0.000000 0.000000 0.000000 1.000000
-0.948920 0.312487 -0.043617 0.000000 0.313122 0.949676 -0.008385 -0.000000 0.038802 -0.021614 -0.999013 7.451145 0.000000 0.000000 0.000000 1.000000
-0.948090 0.314988 -0.043681 0.000000 0.315625 0.948847 -0.008366 -0.000000 0.038811 -0.021719 -0.999010 7.451145 0.000000 0.000000 0.000000 1.000000
-0.947326 0.317270 -0.043738 0.000000 0.317909 0.948085 -0.008349 -0.000000 0.038819 -0.021814 -0.999008 7.451145 0.000000 0.000000 0.000000 1.000000
-0.946634 0.319321 -0.043790 0.000000 0.319962 0.947394 -0.008333 -0.000000 0.038826 -0.021900 -0.999006 7.451145 0.000000 0.000000 0.000000 1.000000
-0.946019 0.321134 -0.043836 0.000000 0.321777 0.946779 -0.008319 -0.000000 0.038832 -0.021975 -0.999004 7.451146 0.000000 0.000000 0.000000 1.000000
-0.945484 0.322699 -0.043876 0.000000 0.323344 0.946245 -0.008307 -0.000000 0.038837 -0.022041 -0.999002 7.451146 0.000000 0.000000 0.000000 1.000000
-0.945037 0.324002 -0.043909 0.000000 0.324649 0.945798 -0.008297 -0.000000 0.038841 -0.022096 -0.999001 7.451146 0.000000 0.000000 0.000000 1.000000
-0.944680 0.325036 -0.043935 0.000000 0.325683 0.945443 -0.008289 -0.000000 0.038844 -0.022139 -0.999000 7.451146 0.000000 0.000000 0.000000 1.000000
-0.944420 0.325789 -0.043954 0.000000 0.326437 0.945183 -0.008282 -0.000000 0.038847 -0.022170 -0.998999 7.451146 0.000000 0.000000 0.000000 1.000000
-0.944260 0.326250 -0.043966 0.000000 0.326899 0.945023 -0.008279 -0.000000 0.038848 -0.022190 -0.998998 7.451146 0.000000 0.000000 0.000000 1.000000
-0.944206 0.326406 -0.043970 0.000000 0.327055 0.944969 -0.008278 -0.000000 0.038848 -0.022196 -0.998998 7.451146 0.000000 0.000000 0.000000 1.000000
-0.944260 0.326251 -0.043966 0.000000 0.326900 0.945023 -0.008279 -0.000000 0.038848 -0.022190 -0.998998 7.451146 0.000000 0.000000 0.000000 1.000000
-0.944420 0.325789 -0.043954 0.000000 0.326437 0.945183 -0.008282 -0.000000 0.038847 -0.022170 -0.998999 7.451146 0.000000 0.000000 0.000000 1.000000
-0.944680 0.325036 -0.043935 0.000000 0.325683 0.945443 -0.008289 -0.000000 0.038844 -0.022139 -0.999000 7.451146 0.000000 0.000000 0.000000 1.000000
-0.945037 0.324002 -0.043909 0.000000 0.324649 0.945798 -0.008297 -0.000000 0.038841 -0.022096 -0.999001 7.451146 0.000000 0.000000 0.000000 1.000000
-0.945484 0.322699 -0.043876 0.000000 0.323344 0.946245 -0.008307 -0.000000 0.038837 -0.022041 -0.999002 7.451146 0.000000 0.000000 0.000000 1.000000
-0.946019 0.321134 -0.043836 0.000000 0.321777 0.946779 -0.008319 -0.000000 0.038832 -0.021975 -0.999004 7.451146 0.000000 0.000000 0.000000 1.000000
-0.946634 0.319321 -0.043790 0.000000 0.319962 0.947394 -0.008333 -0.000000 0.038826 -0.021900 -0.999006 7.451145 0.000000 0.000000 0.000000 1.000000
-0.947326 0.317270 -0.043738 0.000000 0.317909 0.948085 -0.008349 -0.000000 0.038819 -0.021814 -0.999008 7.451145 0.000000 0.000000 0.000000 1.000000
-0.948090 0.314988 -0.043681 0.000000 0.315625 0.948847 -0.008366 -0.000000 0.038811 -0.021719 -0.999010 7.451145 0.000000 0.000000 0.000000 1.000000
-0.948920 0.312487 -0.043617 0.000000 0.313122 0.949676 -0.008385 -0.000000 0.038802 -0.021614 -0.999013 7.451145 0.000000 0.000000 0.000000 1.000000
-0.949811 0.309778 -0.043549 0.000000 0.310409 0.950566 -0.008406 -0.000000 0.038792 -0.021502 -0.999016 7.451145 0.000000 0.000000 0.000000 1.000000
-0.950759 0.306868 -0.043475 0.000000 0.307496 0.951512 -0.008427 -0.000000 0.038781 -0.021381 -0.999019 7.451145 0.000000 0.000000 0.000000 1.000000
-0.951757 0.303768 -0.043397 0.000000 0.304393 0.952509 -0.008450 -0.000000 0.038769 -0.021252 -0.999022 7.451145 0.000000 0.000000 0.000000 1.000000
-0.952802 0.300487 -0.043314 0.000000 0.301108 0.953552 -0.008474 -0.000000 0.038756 -0.021116 -0.999025 7.451145 0.000000 0.000000 0.000000 1.000000
-0.953888 0.297034 -0.043227 0.000000 0.297652 0.954637 -0.008498 -0.000000 0.038741 -0.020973 -0.999029 7.451145 0.000000 0.000000 0.000000 1.000000
-0.955009 0.293422 -0.043136 0.000000 0.294037 0.955756 -0.008524 -0.000000 0.038726 -0.020824 -0.999033 7.451145 0.000000 0.000000 0.000000 1.000000
-0.956162 0.289657 -0.043041 0.000000 0.290267 0.956908 -0.008550 -0.000000 0.038709 -0.020669 -0.999037 7.451145 0.000000 0.000000 0.000000 1.000000
-0.957341 0.285752 -0.042942 0.000000 0.286358 0.958084 -0.008577 -0.000000 0.038692 -0.020508 -0.999040 7.451145 0.000000 0.000000 0.000000 1.000000
-0.958541 0.281715 -0.042841 0.000000 0.282317 0.959283 -0.008604 -0.000000 0.038672 -0.020342 -0.999045 7.451145 0.000000 0.000000 0.000000 1.000000
-0.959758 0.277557 -0.042737 0.000000 0.278155 0.960497 -0.008632 -0.000000 0.038653 -0.020172 -0.999049 7.451145 0.000000 0.000000 0.000000 1.000000
-0.960987 0.273290 -0.042629 0.000000 0.273883 0.961724 -0.008660 -0.000000 0.038631 -0.019997 -0.999053 7.451145 0.000000 0.000000 0.000000 1.000000
-0.962222 0.268924 -0.042520 0.000000 0.269513 0.962958 -0.008688 -0.000000 0.038608 -0.019819 -0.999058 7.451145 0.000000 0.000000 0.000000 1.000000
-0.963461 0.264470 -0.042408 0.000000 0.265055 0.964194 -0.008716 -0.000000 0.038585 -0.019638 -0.999062 7.451145 0.000000 0.000000 0.000000 1.000000
-0.964697 0.259941 -0.042295 0.000000 0.260521 0.965429 -0.008744 -0.000000 0.038560 -0.019454 -0.999067 7.451145 0.000000 0.000000 0.000000 1.000000
-0.965928 0.255350 -0.042180 0.000000 0.255926 0.966657 -0.008772 -0.000000 0.038534 -0.019268 -0.999071 7.451145 0.000000 0.000000 0.000000 1.000000
-0.967148 0.250707 -0.042064 0.000000 0.251278 0.967875 -0.008799 -0.000000 0.038507 -0.019080 -0.999076 7.451145 0.000000 0.000000 0.000000 1.000000
-0.968354 0.246029 -0.041947 0.000000 0.246595 0.969078 -0.008827 -0.000000 0.038478 -0.018891 -0.999081 7.451145 0.000000 0.000000 0.000000 1.000000
-0.969542 0.241327 -0.041830 0.000000 0.241889 0.970264 -0.008853 -0.000000 0.038449 -0.018702 -0.999085 7.451145 0.000000 0.000000 0.000000 1.000000
-0.970707 0.236617 -0.041713 0.000000 0.237174 0.971427 -0.008880 -0.000000 0.038420 -0.018513 -0.999090 7.451145 0.000000 0.000000 0.000000 1.000000
-0.971847 0.231913 -0.041596 0.000000 0.232465 0.972564 -0.008906 -0.000000 0.038389 -0.018325 -0.999095 7.451145 0.000000 0.000000 0.000000 1.000000
-0.972957 0.227232 -0.041479 0.000000 0.227780 0.973672 -0.008931 -0.000000 0.038358 -0.018137 -0.999099 7.451145 0.000000 0.000000 0.000000 1.000000
-0.974034 0.222591 -0.041364 0.000000 0.223134 0.974747 -0.008955 -0.000000 0.038326 -0.017952 -0.999104 7.451145 0.000000 0.000000 0.000000 1.000000
-0.975075 0.218008 -0.041251 0.000000 0.218547 0.975785 -0.008979 -0.000000 0.038294 -0.017770 -0.999108 7.451145 0.000000 0.000000 0.000000 1.000000
-0.976077 0.213499 -0.041139 0.000000 0.214033 0.976785 -0.009001 -0.000000 0.038262 -0.017591 -0.999113 7.451145 0.000000 0.000000 0.000000 1.000000
-0.977036 0.209084 -0.041029 0.000000 0.209614 0.977743 -0.009023 -0.000000 0.038230 -0.017416 -0.999117 7.451145 0.000000 0.000000 0.000000 1.000000
-0.977951 0.204785 -0.040923 0.000000 0.205311 0.978655 -0.009043 -0.000000 0.038198 -0.017246 -0.999121 7.451145 0.000000 0.000000 0.000000 1.000000
-0.978818 0.200621 -0.040820 0.000000 0.201143 0.979520 -0.009063 -0.000000 0.038166 -0.017082 -0.999125 7.451145 0.000000 0.000000 0.000000 1.000000
-0.979635 0.196614 -0.040721 0.000000 0.197132 0.980335 -0.009081 -0.000000 0.038135 -0.016924 -0.999129 7.451145 0.000000 0.000000 0.000000 1.000000
-0.980399 0.192787 -0.040627 0.000000 0.193302 0.981097 -0.009099 -0.000000 0.038105 -0.016773 -0.999133 7.451145 0.000000 0.000000 0.000000 1.000000
-0.981108 0.189164 -0.040538 0.000000 0.189674 0.981805 -0.009114 -0.000000 0.038076 -0.016631 -0.999136 7.451145 0.000000 0.000000 0.000000 1.000000
-0.981760 0.185769 -0.040454 0.000000 0.186277 0.982455 -0.009129 -0.000000 0.038048 -0.016498 -0.999139 7.451145 0.000000 0.000000 0.000000 1.000000
-0.982353 0.182625 -0.040377 0.000000 0.183130 0.983046 -0.009142 -0.000000 0.038023 -0.016375 -0.999143 7.451145 0.000000 0.000000 0.000000 1.000000
-0.982884 0.179760 -0.040306 0.000000 0.180262 0.983576 -0.009154 -0.000000 0.037998 -0.016263 -0.999145 7.451145 0.000000 0.000000 0.000000 1.000000
-0.983352 0.177197 -0.040243 0.000000 0.177697 0.984043 -0.009165 -0.000000 0.037977 -0.016163 -0.999148 7.451145 0.000000 0.000000 0.000000 1.000000
-0.983754 0.174962 -0.040189 0.000000 0.175460 0.984444 -0.009174 -0.000000 0.037958 -0.016076 -0.999150 7.451146 0.000000 0.000000 0.000000 1.000000
-0.984089 0.173081 -0.040142 0.000000 0.173577 0.984778 -0.009181 -0.000000 0.037942 -0.016003 -0.999152 7.451146 0.000000 0.000000 0.000000 1.000000
-0.984354 0.171579 -0.040105 0.000000 0.172073 0.985042 -0.009187 -0.000000 0.037928 -0.015944 -0.999153 7.451146 0.000000 0.000000 0.000000 1.000000
-0.984546 0.170478 -0.040079 0.000000 0.170971 0.985233 -0.009192 -0.000000 0.037920 -0.015902 -0.999154 7.451146 0.000000 0.000000 0.000000 1.000000
-0.984664 0.169800 -0.040064 0.000000 0.170293 0.985351 -0.009194 -0.000000 0.037916 -0.015876 -0.999155 7.451146 0.000000 0.000000 0.000000 1.000000
-0.984706 0.169574 -0.039970 0.000000 0.170064 0.985390 -0.009190 -0.000000 0.037828 -0.015847 -0.999158 7.451146 0.000000 0.000000 0.000000 1.000000</float_array><technique_common><accessor source="#LLeg1-Matrix-animation-output-transform-array" count="101" stride="16"><param type="float4x4"/></accessor></technique_common></source><source id="LLeg1-Interpolations"><Name_array id="LLeg1-Interpolations-array" count="101">
 LINEAR LINEAR LINEAR LINEAR LINEAR LINEAR LINEAR LINEAR LINEAR LINEAR LINEAR
LINEAR LINEAR LINEAR LINEAR LINEAR LINEAR LINEAR LINEAR LINEAR LINEAR LINEAR LINEAR
LINEAR LINEAR LINEAR LINEAR LINEAR LINEAR LINEAR LINEAR LINEAR LINEAR LINEAR LINEAR
LINEAR LINEAR LINEAR LINEAR LINEAR LINEAR LINEAR LINEAR LINEAR LINEAR LINEAR LINEAR
LINEAR LINEAR LINEAR LINEAR LINEAR LINEAR LINEAR LINEAR LINEAR LINEAR LINEAR LINEAR
LINEAR LINEAR LINEAR LINEAR LINEAR LINEAR LINEAR LINEAR LINEAR LINEAR LINEAR LINEAR
LINEAR LINEAR LINEAR LINEAR LINEAR LINEAR LINEAR LINEAR LINEAR LINEAR LINEAR LINEAR
LINEAR LINEAR LINEAR LINEAR LINEAR LINEAR LINEAR LINEAR LINEAR LINEAR LINEAR LINEAR
LINEAR LINEAR LINEAR LINEAR LINEAR LINEAR</Name_array><technique_common><accessor source="#LLeg1-Interpolations-array" count="101"><param type="name"/></accessor></technique_common></source><sampler id="LLeg1-Matrix-animation-transform"><input semantic="INPUT" source="#LLeg1-Matrix-animation-input"/><input semantic="OUTPUT" source="#LLeg1-Matrix-animation-output-transform"/><input semantic="INTERPOLATION" source="#LLeg1-Interpolations"/></sampler><channel source="#LLeg1-Matrix-animation-transform" target="LLeg1/matrix"/></animation></animation>
    <animation id="LLeg2-anim" name="LLeg2"><animation><source id="LLeg2-Matrix-animation-input"><float_array id="LLeg2-Matrix-animation-input-array" count="101">

0.000000 0.033333 0.066667 0.100000 0.133333 0.166667 0.200000 0.233333 0.266667 0.300000 0.333333 0.366667 0.400000 0.433333 0.466667 0.500000
0.533333 0.566667 0.600000 0.633333 0.666667 0.700000 0.733333 0.766667 0.800000 0.833333 0.866667 0.900000 0.933333 0.966667 1.000000 1.033333
1.066667 1.100000 1.133333 1.166667 1.200000 1.233333 1.266667 1.300000 1.333333 1.366667 1.400000 1.433333 1.466667 1.500000 1.533333 1.566667
1.600000 1.633333 1.666667 1.700000 1.733333 1.766667 1.800000 1.833333 1.866667 1.900000 1.933333 1.966667 2.000000 2.033333 2.066667 2.100000
2.133333 2.166667 2.200000 2.233333 2.266667 2.300000 2.333333 2.366667 2.400000 2.433333 2.466667 2.500000 2.533333 2.566667 2.600000 2.633333
2.666667 2.700000 2.733333 2.766667 2.800000 2.833333 2.866667 2.900000 2.933333 2.966667 3.000000 3.033333 3.066667 3.100000 3.133333 3.166667
3.200000 3.233333 3.266667 3.300000 3.333333</float_array><technique_common><accessor source="#LLeg2-Matrix-animation-input-array" count="101"><param name="TIME" type="float"/></accessor></technique_common></source><source id="LLeg2-Matrix-animation-output-transform"><float_array id="LLeg2-Matrix-animation-output-transform-array" count="1616">

0.924618 0.380665 -0.013321 30.975613 -0.380796 0.924613 -0.009218 -0.000037 0.008808 0.013596 0.999869 -0.000002 0.000000 0.000000 0.000000 1.000000
0.924552 0.380826 -0.013279 30.975620 -0.380957 0.924547 -0.009236 -0.000036 0.008760 0.013598 0.999869 0.000001 0.000000 0.000000 0.000000 1.000000
0.924183 0.381709 -0.013550 30.975609 -0.381843 0.924182 -0.009125 -0.000036 0.009039 0.013607 0.999866 -0.000002 0.000000 0.000000 0.000000 1.000000
0.923546 0.383248 -0.013601 30.975613 -0.383382 0.923545 -0.009103 -0.000036 0.009072 0.013621 0.999866 -0.000002 0.000000 0.000000 0.000000 1.000000
0.922817 0.384995 -0.013734 30.975616 -0.385130 0.922818 -0.009046 -0.000037 0.009191 0.013637 0.999865 -0.000003 0.000000 0.000000 0.000000 1.000000
