<?xml version="1.0" encoding="utf-8"?>
<COLLADA xmlns="http://www.collada.org/2005/11/COLLADASchema" version="1.4.1">
  <asset><contributor><author></author><authoring_tool>FBX COLLADA exporter</authoring_tool><comments></comments></contributor><created>2015-05-01T22:32:47Z</created><keywords></keywords><modified>2015-05-01T22:32:47Z</modified><revision></revision><subject></subject><title></title><unit meter="1.000000" name="centimeter"></unit><up_axis>Y_UP</up_axis></asset>
  <library_animations>
    <animation id="DroidControl-anim" name="DroidControl"><animation><source id="DroidControl-Matrix-animation-input"><float_array id="DroidControl-Matrix-animation-input-array" count="0">
</float_array><technique_common><accessor source="#DroidControl-Matrix-animation-input-array" count="0"><param name="TIME" type="float"/></accessor></technique_common></source><source id="DroidControl-Matrix-animation-output-transform"><float_array id="DroidControl-Matrix-animation-output-transform-array" count="0">
</float_array><technique_common><accessor source="#DroidControl-Matrix-animation-output-transform-array" count="0" stride="16"><param type="float4x4"/></accessor></technique_common></source><source id="DroidControl-Interpolations"><Name_array id="DroidControl-Interpolations-array" count="0">
</Name_array><technique_common><accessor source="#DroidControl-Interpolations-array" count="0"><param type="name"/></accessor></technique_common></source><sampler id="DroidControl-Matrix-animation-transform"><input semantic="INPUT" source="#DroidControl-Matrix-animation-input"/><input semantic="OUTPUT" source="#DroidControl-Matrix-animation-output-transform"/><input semantic="INTERPOLATION" source="#DroidControl-Interpolations"/></sampler><channel source="#DroidControl-Matrix-animation-transform" target="DroidControl/matrix"/></animation></animation>
    <animation id="Pelvis-anim" name="Pelvis"><animation><source id="Pelvis-Matrix-animation-input"><float_array id="Pelvis-Matrix-animation-input-array" count="51">

0.000000 0.033333 0.066667 0.100000 0.133333 0.166667 0.200000 0.233333 0.266667 0.300000 0.333333 0.366667 0.400000 0.433333 0.466667 0.500000
0.533333 0.566667 0.600000 0.633333 0.666667 0.700000 0.733333 0.766667 0.800000 0.833333 0.866667 0.900000 0.933333 0.966667 1.000000 1.033333
1.066667 1.100000 1.133333 1.166667 1.200000 1.233333 1.266667 1.300000 1.333333 1.366667 1.400000 1.433333 1.466667 1.500000 1.533333 1.566667
1.600000 1.633333 1.666667</float_array><technique_common><accessor source="#Pelvis-Matrix-animation-input-array" count="51"><param name="TIME" type="float"/></accessor></technique_common></source><source id="Pelvis-Matrix-animation-output-transform"><float_array id="Pelvis-Matrix-animation-output-transform-array" count="816">

0.000000 -0.000000 1.000000 -0.000000 1.000000 0.000000 -0.000000 62.938950 0.000000 1.000000 0.000000 2.702183 0.000000 0.000000 0.000000 1.000000
0.000000 0.000407 1.000000 -0.020073 1.000000 -0.000000 -0.000000 62.911240 0.000000 1.000000 -0.000407 2.692052 0.000000 0.000000 0.000000 1.000000
0.000000 0.001586 0.999999 -0.078091 1.000000 -0.000000 -0.000000 62.831142 0.000000 0.999999 -0.001586 2.662770 0.000000 0.000000 0.000000 1.000000
0.000000 0.003468 0.999994 -0.170756 1.000000 -0.000000 -0.000000 62.703217 0.000000 0.999994 -0.003468 2.616001 0.000000 0.000000 0.000000 1.000000
0.000000 0.005987 0.999982 -0.294766 1.000000 -0.000000 -0.000000 62.532017 0.000000 0.999982 -0.005987 2.553412 0.000000 0.000000 0.000000 1.000000
0.000000 0.009075 0.999959 -0.446824 1.000000 -0.000000 -0.000000 62.322098 0.000000 0.999959 -0.009075 2.476668 0.000000 0.000000 0.000000 1.000000
0.000000 0.012666 0.999920 -0.623629 1.000000 -0.000000 -0.000000 62.078014 0.000000 0.999920 -0.012666 2.387433 0.000000 0.000000 0.000000 1.000000
0.000000 0.016693 0.999861 -0.821882 1.000000 -0.000000 -0.000000 61.804325 0.000000 0.999861 -0.016693 2.287374 0.000000 0.000000 0.000000 1.000000
0.000000 0.021087 0.999778 -1.038282 1.000000 -0.000000 -0.000000 61.505577 0.000000 0.999778 -0.021087 2.178156 0.000000 0.000000 0.000000 1.000000
0.000000 0.025783 0.999668 -1.269531 1.000000 -0.000000 -0.000000 61.186333 0.000000 0.999668 -0.025783 2.061443 0.000000 0.000000 0.000000 1.000000
0.000000 0.030713 0.999528 -1.512328 1.000000 -0.000000 -0.000000 60.851147 0.000000 0.999528 -0.030713 1.938902 0.000000 0.000000 0.000000 1.000000
0.000000 0.035809 0.999359 -1.763375 1.000000 -0.000000 -0.000000 60.504570 0.000000 0.999359 -0.035809 1.812197 0.000000 0.000000 0.000000 1.000000
0.000000 0.041005 0.999159 -2.019371 1.000000 -0.000000 -0.000000 60.151161 0.000000 0.999159 -0.041005 1.682995 0.000000 0.000000 0.000000 1.000000
0.000000 0.046233 0.998931 -2.277016 1.000000 -0.000000 -0.000000 59.795479 0.000000 0.998931 -0.046233 1.552959 0.000000 0.000000 0.000000 1.000000
0.000000 0.051427 0.998677 -2.533012 1.000000 -0.000000 -0.000000 59.442070 0.000000 0.998677 -0.051427 1.423757 0.000000 0.000000 0.000000 1.000000
0.000000 0.056518 0.998402 -2.784059 1.000000 -0.000000 -0.000000 59.095493 0.000000 0.998402 -0.056518 1.297052 0.000000 0.000000 0.000000 1.000000
0.000000 0.061441 0.998111 -3.026856 1.000000 -0.000000 -0.000000 58.760307 0.000000 0.998111 -0.061441 1.174511 0.000000 0.000000 0.000000 1.000000
0.000000 0.066129 0.997811 -3.258105 1.000000 -0.000000 -0.000000 58.441063 0.000000 0.997811 -0.066129 1.057798 0.000000 0.000000 0.000000 1.000000
0.000000 0.070514 0.997511 -3.474505 1.000000 -0.000000 -0.000000 58.142315 0.000000 0.997511 -0.070514 0.948580 0.000000 0.000000 0.000000 1.000000
0.000000 0.074530 0.997219 -3.672758 1.000000 -0.000000 -0.000000 57.868626 0.000000 0.997219 -0.074530 0.848521 0.000000 0.000000 0.000000 1.000000
0.000000 0.078111 0.996945 -3.849563 1.000000 -0.000000 -0.000000 57.624542 0.000000 0.996945 -0.078111 0.759286 0.000000 0.000000 0.000000 1.000000
0.000000 0.081190 0.996699 -4.001620 1.000000 -0.000000 -0.000000 57.414623 0.000000 0.996699 -0.081190 0.682542 0.000000 0.000000 0.000000 1.000000
0.000000 0.083700 0.996491 -4.125631 1.000000 -0.000000 -0.000000 57.243423 0.000000 0.996491 -0.083700 0.619953 0.000000 0.000000 0.000000 1.000000
0.000000 0.085575 0.996332 -4.218296 1.000000 -0.000000 -0.000000 57.115498 0.000000 0.996332 -0.085575 0.573184 0.000000 0.000000 0.000000 1.000000
0.000000 0.086750 0.996230 -4.276314 1.000000 -0.000000 -0.000000 57.035400 0.000000 0.996230 -0.086750 0.543902 0.000000 0.000000 0.000000 1.000000
0.000000 0.087155 0.996195 -4.296387 1.000000 -0.000000 -0.000000 57.007690 0.000000 0.996195 -0.087155 0.533772 0.000000 0.000000 0.000000 1.000000
0.000000 0.086750 0.996230 -4.276314 1.000000 -0.000000 -0.000000 57.035400 0.000000 0.996230 -0.086750 0.543902 0.000000 0.000000 0.000000 1.000000
0.000000 0.085575 0.996332 -4.218296 1.000000 -0.000000 -0.000000 57.115498 0.000000 0.996332 -0.085575 0.573185 0.000000 0.000000 0.000000 1.000000
0.000000 0.083700 0.996491 -4.125631 1.000000 -0.000000 -0.000000 57.243423 0.000000 0.996491 -0.083700 0.619953 0.000000 0.000000 0.000000 1.000000
0.000000 0.081190 0.996699 -4.001620 1.000000 -0.000000 -0.000000 57.414623 0.000000 0.996699 -0.081190 0.682542 0.000000 0.000000 0.000000 1.000000
0.000000 0.078111 0.996945 -3.849563 1.000000 -0.000000 -0.000000 57.624542 0.000000 0.996945 -0.078111 0.759286 0.000000 0.000000 0.000000 1.000000
0.000000 0.074530 0.997219 -3.672758 1.000000 -0.000000 -0.000000 57.868626 0.000000 0.997219 -0.074530 0.848521 0.000000 0.000000 0.000000 1.000000
0.000000 0.070514 0.997511 -3.474505 1.000000 -0.000000 -0.000000 58.142315 0.000000 0.997511 -0.070514 0.948580 0.000000 0.000000 0.000000 1.000000
0.000000 0.066129 0.997811 -3.258105 1.000000 -0.000000 -0.000000 58.441063 0.000000 0.997811 -0.066129 1.057798 0.000000 0.000000 0.000000 1.000000
0.000000 0.061441 0.998111 -3.026856 1.000000 -0.000000 -0.000000 58.760307 0.000000 0.998111 -0.061441 1.174511 0.000000 0.000000 0.000000 1.000000
0.000000 0.056518 0.998402 -2.784059 1.000000 -0.000000 -0.000000 59.095493 0.000000 0.998402 -0.056518 1.297052 0.000000 0.000000 0.000000 1.000000
0.000000 0.051427 0.998677 -2.533012 1.000000 -0.000000 -0.000000 59.442070 0.000000 0.998677 -0.051427 1.423757 0.000000 0.000000 0.000000 1.000000
0.000000 0.046233 0.998931 -2.277016 1.000000 -0.000000 -0.000000 59.795479 0.000000 0.998931 -0.046233 1.552959 0.000000 0.000000 0.000000 1.000000
0.000000 0.041005 0.999159 -2.019371 1.000000 -0.000000 -0.000000 60.151161 0.000000 0.999159 -0.041005 1.682995 0.000000 0.000000 0.000000 1.000000
0.000000 0.035809 0.999359 -1.763375 1.000000 -0.000000 -0.000000 60.504570 0.000000 0.999359 -0.035809 1.812197 0.000000 0.000000 0.000000 1.000000
0.000000 0.030713 0.999528 -1.512328 1.000000 -0.000000 -0.000000 60.851147 0.000000 0.999528 -0.030713 1.938902 0.000000 0.000000 0.000000 1.000000
0.000000 0.025783 0.999668 -1.269531 1.000000 -0.000000 -0.000000 61.186333 0.000000 0.999668 -0.025783 2.061443 0.000000 0.000000 0.000000 1.000000
0.000000 0.021087 0.999778 -1.038282 1.000000 -0.000000 -0.000000 61.505577 0.000000 0.999778 -0.021087 2.178156 0.000000 0.000000 0.000000 1.000000
0.000000 0.016693 0.999861 -0.821882 1.000000 -0.000000 -0.000000 61.804325 0.000000 0.999861 -0.016693 2.287374 0.000000 0.000000 0.000000 1.000000
0.000000 0.012666 0.999920 -0.623629 1.000000 -0.000000 -0.000000 62.078014 0.000000 0.999920 -0.012666 2.387433 0.000000 0.000000 0.000000 1.000000
0.000000 0.009075 0.999959 -0.446824 1.000000 -0.000000 -0.000000 62.322098 0.000000 0.999959 -0.009075 2.476668 0.000000 0.000000 0.000000 1.000000
0.000000 0.005987 0.999982 -0.294766 1.000000 -0.000000 -0.000000 62.532017 0.000000 0.999982 -0.005987 2.553412 0.000000 0.000000 0.000000 1.000000
0.000000 0.003468 0.999994 -0.170756 1.000000 -0.000000 -0.000000 62.703217 0.000000 0.999994 -0.003468 2.616001 0.000000 0.000000 0.000000 1.000000
0.000000 0.001586 0.999999 -0.078091 1.000000 -0.000000 -0.000000 62.831142 0.000000 0.999999 -0.001586 2.662770 0.000000 0.000000 0.000000 1.000000
0.000000 0.000407 1.000000 -0.020072 1.000000 -0.000000 -0.000000 62.911240 0.000000 1.000000 -0.000407 2.692052 0.000000 0.000000 0.000000 1.000000
0.000000 -0.000000 1.000000 -0.000000 1.000000 0.000000 -0.000000 62.938950 0.000000 1.000000 0.000000 2.702183 0.000000 0.000000 0.000000 1.000000</float_array><technique_common><accessor source="#Pelvis-Matrix-animation-output-transform-array" count="51" stride="16"><param type="float4x4"/></accessor></technique_common></source><source id="Pelvis-Interpolations"><Name_array id="Pelvis-Interpolations-array" count="51">
 LINEAR LINEAR LINEAR LINEAR LINEAR LINEAR LINEAR LINEAR LINEAR LINEAR LINEAR
LINEAR LINEAR LINEAR LINEAR LINEAR LINEAR LINEAR LINEAR LINEAR LINEAR LINEAR LINEAR
LINEAR LINEAR LINEAR LINEAR LINEAR LINEAR LINEAR LINEAR LINEAR LINEAR LINEAR LINEAR
LINEAR LINEAR LINEAR LINEAR LINEAR LINEAR LINEAR LINEAR LINEAR LINEAR LINEAR LINEAR
LINEAR LINEAR LINEAR LINEAR</Name_array><technique_common><accessor source="#Pelvis-Interpolations-array" count="51"><param type="name"/></accessor></technique_common></source><sampler id="Pelvis-Matrix-animation-transform"><input semantic="INPUT" source="#Pelvis-Matrix-animation-input"/><input semantic="OUTPUT" source="#Pelvis-Matrix-animation-output-transform"/><input semantic="INTERPOLATION" source="#Pelvis-Interpolations"/></sampler><channel source="#Pelvis-Matrix-animation-transform" target="Pelvis/matrix"/></animation></animation>
    <animation id="LLeg1-anim" name="LLeg1"><animation><source id="LLeg1-Matrix-animation-input"><float_array id="LLeg1-Matrix-animation-input-array" count="51">

0.000000 0.033333 0.066667 0.100000 0.133333 0.166667 0.200000 0.233333 0.266667 0.300000 0.333333 0.366667 0.400000 0.433333 0.466667 0.500000
0.533333 0.566667 0.600000 0.633333 0.666667 0.700000 0.733333 0.766667 0.800000 0.833333 0.866667 0.900000 0.933333 0.966667 1.000000 1.033333
1.066667 1.100000 1.133333 1.166667 1.200000 1.233333 1.266667 1.300000 1.333333 1.366667 1.400000 1.433333 1.466667 1.500000 1.533333 1.566667
1.600000 1.633333 1.666667</float_array><technique_common><accessor source="#LLeg1-Matrix-animation-input-array" count="51"><param name="TIME" type="float"/></accessor></technique_common></source><source id="LLeg1-Matrix-animation-output-transform"><float_array id="LLeg1-Matrix-animation-output-transform-array" count="816">

-0.907953 0.402059 -0.118192 0.000000 0.354165 0.886947 0.296466 -0.000000 0.224027 0.227318 -0.947701 7.451145 0.000000 0.000000 0.000000 1.000000
-0.907420 0.403152 -0.118561 0.000000 0.355166 0.886575 0.296381 -0.000001 0.224600 0.226833 -0.947682 7.451146 0.000000 0.000000 0.000000 1.000000
-0.905873 0.406303 -0.119629 0.000000 0.358055 0.885494 0.296135 -0.000001 0.226252 0.225427 -0.947624 7.451145 0.000000 0.000000 0.000000 1.000000
-0.903385 0.411305 -0.121337 0.000000 0.362646 0.883756 0.295743 -0.000000 0.228873 0.223167 -0.947530 7.451145 0.000000 0.000000 0.000000 1.000000
-0.900022 0.417945 -0.123623 0.000000 0.368749 0.881404 0.295216 -0.000000 0.232346 0.220115 -0.947399 7.451145 0.000000 0.000000 0.000000 1.000000
-0.895847 0.425998 -0.126428 0.000000 0.376168 0.878480 0.294567 -0.000000 0.236549 0.216329 -0.947230 7.451145 0.000000 0.000000 0.000000 1.000000
-0.890921 0.435248 -0.129691 0.000000 0.384713 0.875027 0.293809 -0.000001 0.241362 0.211867 -0.947025 7.451145 0.000000 0.000000 0.000000 1.000000
-0.885306 0.445476 -0.133355 0.000000 0.394192 0.871086 0.292955 -0.000000 0.246668 0.206788 -0.946780 7.451144 0.000000 0.000000 0.000000 1.000000
-0.879072 0.456471 -0.137358 0.000000 0.404418 0.866701 0.292018 -0.000000 0.252346 0.201155 -0.946497 7.451145 0.000000 0.000000 0.000000 1.000000
-0.872286 0.468032 -0.141643 0.000000 0.415216 0.861921 0.291011 -0.000000 0.258288 0.195033 -0.946176 7.451145 0.000000 0.000000 0.000000 1.000000
-0.865028 0.479966 -0.146145 0.000000 0.426413 0.856797 0.289948 -0.000000 0.264382 0.188495 -0.945818 7.451145 0.000000 0.000000 0.000000 1.000000
-0.857381 0.492093 -0.150808 0.000000 0.437847 0.851387 0.288843 -0.000000 0.270534 0.181618 -0.945424 7.451146 0.000000 0.000000 0.000000 1.000000
-0.849435 0.504240 -0.155570 0.000000 0.449361 0.845752 0.287710 -0.000000 0.276649 0.174484 -0.944997 7.451144 0.000000 0.000000 0.000000 1.000000
-0.841289 0.516250 -0.160370 0.000000 0.460810 0.839961 0.286564 -0.000000 0.282644 0.167183 -0.944543 7.451146 0.000000 0.000000 0.000000 1.000000
-0.833049 0.527974 -0.165146 0.000000 0.472050 0.834089 0.285420 -0.000000 0.288441 0.159812 -0.944066 7.451146 0.000000 0.000000 0.000000 1.000000
-0.824828 0.539271 -0.169836 0.000000 0.482947 0.828214 0.284294 -0.000001 0.293972 0.152472 -0.943574 7.451145 0.000000 0.000000 0.000000 1.000000
-0.816746 0.550016 -0.174381 0.000000 0.493374 0.822423 0.283201 -0.000000 0.299180 0.145268 -0.943074 7.451146 0.000000 0.000000 0.000000 1.000000
-0.808931 0.560083 -0.178713 0.000000 0.503202 0.816808 0.282156 -0.000001 0.304005 0.138316 -0.942576 7.451145 0.000000 0.000000 0.000000 1.000000
-0.801512 0.569361 -0.182772 0.000000 0.512314 0.811465 0.281175 -0.000000 0.308403 0.131728 -0.942090 7.451145 0.000000 0.000000 0.000000 1.000000
-0.794628 0.577741 -0.186497 0.000000 0.520589 0.806494 0.280274 -0.000000 0.312335 0.125626 -0.941629 7.451144 0.000000 0.000000 0.000000 1.000000
-0.788418 0.585119 -0.189822 0.000000 0.527912 0.802001 0.279470 -0.000000 0.315761 0.120130 -0.941203 7.451145 0.000000 0.000000 0.000000 1.000000
-0.783026 0.591391 -0.192684 0.000000 0.534168 0.798090 0.278777 -0.000000 0.318645 0.115364 -0.940827 7.451146 0.000000 0.000000 0.000000 1.000000
-0.778591 0.596458 -0.195021 0.000000 0.539242 0.794869 0.278211 -0.000000 0.320957 0.111450 -0.940513 7.451145 0.000000 0.000000 0.000000 1.000000
-0.775258 0.600215 -0.196767 0.000000 0.543016 0.792444 0.277788 -0.000001 0.322659 0.108510 -0.940275 7.451145 0.000000 0.000000 0.000000 1.000000
-0.773161 0.602556 -0.197860 0.000000 0.545373 0.790917 0.277523 -0.000001 0.323714 0.106662 -0.940123 7.451145 0.000000 0.000000 0.000000 1.000000
-0.772434 0.603363 -0.198240 0.000000 0.546186 0.790387 0.277431 -0.000000 0.324078 0.106022 -0.940070 7.451145 0.000000 0.000000 0.000000 1.000000
-0.773161 0.602556 -0.197860 0.000000 0.545373 0.790917 0.277523 -0.000000 0.323714 0.106662 -0.940123 7.451145 0.000000 0.000000 0.000000 1.000000
-0.775258 0.600215 -0.196767 0.000000 0.543016 0.792444 0.277788 -0.000001 0.322659 0.108510 -0.940275 7.451145 0.000000 0.000000 0.000000 1.000000
-0.778591 0.596458 -0.195021 0.000000 0.539242 0.794869 0.278211 -0.000000 0.320957 0.111450 -0.940513 7.451145 0.000000 0.000000 0.000000 1.000000
-0.783026 0.591391 -0.192684 0.000000 0.534168 0.798090 0.278777 -0.000000 0.318645 0.115364 -0.940827 7.451146 0.000000 0.000000 0.000000 1.000000
-0.788418 0.585119 -0.189822 0.000000 0.527912 0.802001 0.279470 -0.000000 0.315761 0.120130 -0.941203 7.451145 0.000000 0.000000 0.000000 1.000000
-0.794628 0.577741 -0.186497 0.000000 0.520589 0.806494 0.280274 -0.000000 0.312335 0.125626 -0.941629 7.451144 0.000000 0.000000 0.000000 1.000000
-0.801512 0.569361 -0.182772 0.000000 0.512314 0.811465 0.281175 -0.000000 0.308403 0.131728 -0.942090 7.451145 0.000000 0.000000 0.000000 1.000000
-0.808931 0.560083 -0.178713 0.000000 0.503202 0.816808 0.282156 -0.000001 0.304005 0.138316 -0.942576 7.451145 0.000000 0.000000 0.000000 1.000000
-0.816746 0.550016 -0.174381 0.000000 0.493374 0.822423 0.283201 -0.000000 0.299180 0.145268 -0.943074 7.451146 0.000000 0.000000 0.000000 1.000000
-0.824828 0.539272 -0.169836 0.000000 0.482947 0.828214 0.284294 -0.000000 0.293972 0.152472 -0.943574 7.451146 0.000000 0.000000 0.000000 1.000000
-0.833049 0.527974 -0.165146 0.000000 0.472050 0.834089 0.285420 -0.000000 0.288441 0.159812 -0.944066 7.451146 0.000000 0.000000 0.000000 1.000000
-0.841289 0.516250 -0.160370 0.000000 0.460810 0.839961 0.286564 -0.000000 0.282644 0.167183 -0.944543 7.451146 0.000000 0.000000 0.000000 1.000000
-0.849435 0.504240 -0.155570 0.000000 0.449361 0.845752 0.287710 -0.000000 0.276649 0.174484 -0.944997 7.451144 0.000000 0.000000 0.000000 1.000000
-0.857381 0.492093 -0.150808 0.000000 0.437847 0.851387 0.288843 -0.000000 0.270534 0.181618 -0.945424 7.451146 0.000000 0.000000 0.000000 1.000000
-0.865028 0.479966 -0.146145 0.000000 0.426413 0.856797 0.289948 -0.000001 0.264382 0.188495 -0.945818 7.451145 0.000000 0.000000 0.000000 1.000000
-0.872286 0.468032 -0.141643 0.000000 0.415216 0.861921 0.291011 -0.000000 0.258288 0.195033 -0.946176 7.451146 0.000000 0.000000 0.000000 1.000000
-0.879072 0.456471 -0.137358 0.000000 0.404418 0.866701 0.292018 -0.000000 0.252346 0.201155 -0.946497 7.451145 0.000000 0.000000 0.000000 1.000000
-0.885306 0.445476 -0.133355 0.000000 0.394192 0.871086 0.292955 -0.000000 0.246668 0.206788 -0.946780 7.451145 0.000000 0.000000 0.000000 1.000000
-0.890921 0.435248 -0.129691 0.000000 0.384713 0.875027 0.293809 -0.000001 0.241362 0.211867 -0.947025 7.451145 0.000000 0.000000 0.000000 1.000000
-0.895847 0.425998 -0.126428 0.000000 0.376168 0.878480 0.294567 -0.000000 0.236549 0.216329 -0.947230 7.451145 0.000000 0.000000 0.000000 1.000000
-0.900022 0.417945 -0.123623 0.000000 0.368749 0.881404 0.295216 -0.000000 0.232346 0.220115 -0.947399 7.451145 0.000000 0.000000 0.000000 1.000000
-0.903385 0.411305 -0.121337 0.000000 0.362646 0.883756 0.295743 -0.000000 0.228873 0.223167 -0.947530 7.451145 0.000000 0.000000 0.000000 1.000000
-0.905873 0.406303 -0.119629 0.000000 0.358055 0.885494 0.296135 -0.000001 0.226252 0.225427 -0.947624 7.451145 0.000000 0.000000 0.000000 1.000000
-0.907420 0.403152 -0.118561 0.000000 0.355166 0.886575 0.296381 -0.000001 0.224600 0.226833 -0.947682 7.451146 0.000000 0.000000 0.000000 1.000000
-0.907953 0.402059 -0.118192 0.000000 0.354165 0.886947 0.296466 -0.000000 0.224027 0.227318 -0.947701 7.451145 0.000000 0.000000 0.000000 1.000000</float_array><technique_common><accessor source="#LLeg1-Matrix-animation-output-transform-array" count="51" stride="16"><param type="float4x4"/></accessor></technique_common></source><source id="LLeg1-Interpolations"><Name_array id="LLeg1-Interpolations-array" count="51">
 LINEAR LINEAR LINEAR LINEAR LINEAR LINEAR LINEAR LINEAR LINEAR LINEAR LINEAR
LINEAR LINEAR LINEAR LINEAR LINEAR LINEAR LINEAR LINEAR LINEAR LINEAR LINEAR LINEAR
LINEAR LINEAR LINEAR LINEAR LINEAR LINEAR LINEAR LINEAR LINEAR LINEAR LINEAR LINEAR
LINEAR LINEAR LINEAR LINEAR LINEAR LINEAR LINEAR LINEAR LINEAR LINEAR LINEAR LINEAR
LINEAR LINEAR LINEAR LINEAR</Name_array><technique_common><accessor source="#LLeg1-Interpolations-array" count="51"><param type="name"/></accessor></technique_common></source><sampler id="LLeg1-Matrix-animation-transform"><input semantic="INPUT" source="#LLeg1-Matrix-animation-input"/><input semantic="OUTPUT" source="#LLeg1-Matrix-animation-output-transform"/><input semantic="INTERPOLATION" source="#LLeg1-Interpolations"/></sampler><channel source="#LLeg1-Matrix-animation-transform" target="LLeg1/matrix"/></animation></animation>
    <animation id="LLeg2-anim" name="LLeg2"><animation><source id="LLeg2-Matrix-animation-input"><float_array id="LLeg2-Matrix-animation-input-array" count="51">

0.000000 0.033333 0.066667 0.100000 0.133333 0.166667 0.200000 0.233333 0.266667 0.300000 0.333333 0.366667 0.400000 0.433333 0.466667 0.500000
0.533333 0.566667 0.600000 0.633333 0.666667 0.700000 0.733333 0.766667 0.800000 0.833333 0.866667 0.900000 0.933333 0.966667 1.000000 1.033333
1.066667 1.100000 1.133333 1.166667 1.200000 1.233333 1.266667 1.300000 1.333333 1.366667 1.400000 1.433333 1.466667 1.500000 1.533333 1.566667
1.600000 1.633333 1.666667</float_array><technique_common><accessor source="#LLeg2-Matrix-animation-input-array" count="51"><param name="TIME" type="float"/></accessor></technique_common></source><source id="LLeg2-Matrix-animation-output-transform"><float_array id="LLeg2-Matrix-animation-output-transform-array" count="816">

0.500438 0.865243 -0.030267 30.975616 -0.865542 0.500806 0.005605 -0.000038 0.020008 0.023393 0.999526 0.000008 0.000000 0.000000 0.000000 1.000000
0.499027 0.866056 -0.030330 30.975622 -0.866355 0.499397 0.005633 -0.000038 0.020025 0.023466 0.999524 0.000000 0.000000 0.000000 0.000000 1.000000
0.494661 0.868556 -0.030360 30.975620 -0.868856 0.495032 0.005714 -0.000038 0.019992 0.023552 0.999523 -0.000000 0.000000 0.000000 0.000000 1.000000
0.488978 0.871763 -0.030501 30.975616 -0.872063 0.489356 0.006010 -0.000034 0.020166 0.023660 0.999517 -0.000006 0.000000 0.000000 0.000000 1.000000
0.479801 0.876841 -0.030674 30.975620 -0.877143 0.480188 0.006327 -0.000038 0.020277 0.023870 0.999509 -0.000000 0.000000 0.000000 0.000000 1.000000
0.469543 0.882369 -0.030898 30.975616 -0.882672 0.469941 0.006744 -0.000034 0.020471 0.024106 0.999500 0.000000 0.000000 0.000000 0.000000 1.000000
0.457042 0.888904 -0.031034 30.975622 -0.889208 0.457448 0.007158 -0.000038 0.020559 0.024324 0.999493 -0.000000 0.000000 0.000000 0.000000 1.000000
0.443453 0.895750 -0.031335 30.975624 -0.896058 0.443872 0.007597 -0.000038 0.020714 0.024709 0.999480 -0.000001 0.000000 0.000000 0.000000 1.000000
0.428737 0.902878 -0.031584 30.975616 -0.903189 0.429168 0.008111 -0.000038 0.020878 0.025049 0.999468 0.000000 0.000000 0.000000 0.000000 1.000000
0.413579 0.909911 -0.031866 30.975626 -0.910224 0.414026 0.008705 -0.000038 0.021114 0.025404 0.999454 0.000004 0.000000 0.000000 0.000000 1.000000
0.397357 0.917104 -0.032054 30.975620 -0.917421 0.397814 0.009145 -0.000038 0.021138 0.025773 0.999444 0.000002 0.000000 0.000000 0.000000 1.000000
0.379975 0.924431 -0.032342 30.975620 -0.924750 0.380449 0.009838 -0.000034 0.021399 0.026170 0.999428 0.000001 0.000000 0.000000 0.000000 1.000000
0.363511 0.931021 -0.032569 30.975616 -0.931341 0.364000 0.010391 -0.000038 0.021529 0.026555 0.999415 0.000004 0.000000 0.000000 0.000000 1.000000
0.346792 0.937369 -0.032791 30.975616 -0.937692 0.347295 0.010976 -0.000034 0.021676 0.026942 0.999401 0.000004 0.000000 0.000000 0.000000 1.000000
0.330347 0.943283 -0.032998 30.975620 -0.943608 0.330865 0.011550 -0.000034 0.021813 0.027321 0.999389 0.000001 0.000000 0.000000 0.000000 1.000000
0.314371 0.948721 -0.033158 30.975620 -0.949050 0.314899 0.011967 -0.000038 0.021795 0.027706 0.999378 -0.000001 0.000000 0.000000 0.000000 1.000000
0.299098 0.953639 -0.033361 30.975628 -0.953968 0.299643 0.012643 -0.000038 0.022053 0.028044 0.999363 -0.000001 0.000000 0.000000 0.000000 1.000000
0.284682 0.958036 -0.033513 30.975622 -0.958366 0.285240 0.013146 -0.000038 0.022153 0.028376 0.999352 -0.000001 0.000000 0.000000 0.000000 1.000000
0.271314 0.961903 -0.033648 30.975616 -0.962234 0.271884 0.013612 -0.000038 0.022242 0.028684 0.999341 0.000000 0.000000 0.000000 0.000000 1.000000
0.259101 0.965258 -0.033831 30.975622 -0.965590 0.259686 0.014151 -0.000034 0.022444 0.029000 0.999327 0.000001 0.000000 0.000000 0.000000 1.000000
0.247995 0.968171 -0.033825 30.975618 -0.968507 0.248579 0.014244 -0.000034 0.022199 0.029227 0.999326 0.000001 0.000000 0.000000 0.000000 1.000000
0.239245 0.970370 -0.033830 30.975616 -0.970700 0.239841 0.014768 -0.000042 0.022444 0.029305 0.999318 0.000002 0.000000 0.000000 0.000000 1.000000
0.231819 0.972164 -0.034009 30.975624 -0.972499 0.232424 0.014994 -0.000038 0.022481 0.029597 0.999309 0.000000 0.000000 0.000000 0.000000 1.000000
0.226156 0.973495 -0.034095 30.975620 -0.973824 0.226775 0.015506 -0.000038 0.022827 0.029696 0.999298 -0.000000 0.000000 0.000000 0.000000 1.000000
0.222836 0.974260 -0.034080 30.975622 -0.974596 0.223448 0.015307 -0.000046 0.022528 0.029804 0.999302 0.000002 0.000000 0.000000 0.000000 1.000000
0.221643 0.974532 -0.034091 30.975622 -0.974868 0.222257 0.015349 -0.000038 0.022535 0.029832 0.999301 0.000001 0.000000 0.000000 0.000000 1.000000
0.222836 0.974260 -0.034080 30.975624 -0.974596 0.223448 0.015307 -0.000042 0.022528 0.029804 0.999302 0.000000 0.000000 0.000000 0.000000 1.000000
0.226367 0.973449 -0.033982 30.975620 -0.973790 0.226965 0.014856 -0.000038 0.022175 0.029728 0.999312 -0.000000 0.000000 0.000000 0.000000 1.000000
0.231819 0.972164 -0.034009 30.975624 -0.972499 0.232424 0.014994 -0.000042 0.022481 0.029597 0.999309 0.000000 0.000000 0.000000 0.000000 1.000000
0.239245 0.970370 -0.033830 30.975616 -0.970700 0.239841 0.014768 -0.000042 0.022444 0.029305 0.999318 0.000002 0.000000 0.000000 0.000000 1.000000
0.248116 0.968139 -0.033859 30.975622 -0.968474 0.248702 0.014310 -0.000034 0.022275 0.029241 0.999324 0.000001 0.000000 0.000000 0.000000 1.000000
0.259101 0.965258 -0.033831 30.975622 -0.965590 0.259686 0.014151 -0.000034 0.022444 0.029000 0.999327 0.000001 0.000000 0.000000 0.000000 1.000000
0.271314 0.961903 -0.033648 30.975616 -0.962234 0.271884 0.013612 -0.000038 0.022242 0.028684 0.999341 0.000000 0.000000 0.000000 0.000000 1.000000
0.284682 0.958036 -0.033513 30.975622 -0.958366 0.285240 0.013146 -0.000038 0.022153 0.028376 0.999352 -0.000001 0.000000 0.000000 0.000000 1.000000
0.299098 0.953639 -0.033361 30.975628 -0.953968 0.299643 0.012643 -0.000038 0.022053 0.028044 0.999363 0.000000 0.000000 0.000000 0.000000 1.000000
0.314227 0.948774 -0.033004 30.975626 -0.949097 0.314754 0.012085 -0.000038 0.021855 0.027527 0.999382 0.000000 0.000000 0.000000 0.000000 1.000000
0.330347 0.943283 -0.032998 30.975620 -0.943608 0.330865 0.011550 -0.000034 0.021813 0.027321 0.999389 0.000001 0.000000 0.000000 0.000000 1.000000
0.346792 0.937369 -0.032791 30.975616 -0.937692 0.347295 0.010976 -0.000034 0.021676 0.026942 0.999401 0.000004 0.000000 0.000000 0.000000 1.000000
0.363511 0.931021 -0.032569 30.975616 -0.931341 0.364000 0.010391 -0.000038 0.021529 0.026555 0.999415 0.000004 0.000000 0.000000 0.000000 1.000000
0.379975 0.924431 -0.032342 30.975620 -0.924750 0.380449 0.009838 -0.000034 0.021399 0.026170 0.999428 0.000001 0.000000 0.000000 0.000000 1.000000
0.396913 0.917295 -0.032088 30.975613 -0.917611 0.397373 0.009223 -0.000036 0.021212 0.025784 0.999442 -0.000001 0.000000 0.000000 0.000000 1.000000
0.413579 0.909911 -0.031866 30.975626 -0.910224 0.414026 0.008705 -0.000038 0.021114 0.025404 0.999454 0.000004 0.000000 0.000000 0.000000 1.000000
0.428737 0.902878 -0.031584 30.975616 -0.903189 0.429168 0.008111 -0.000038 0.020878 0.025049 0.999468 0.000000 0.000000 0.000000 0.000000 1.000000
0.443453 0.895750 -0.031335 30.975624 -0.896058 0.443872 0.007597 -0.000038 0.020714 0.024709 0.999480 -0.000000 0.000000 0.000000 0.000000 1.000000
0.457042 0.888904 -0.031034 30.975622 -0.889208 0.457448 0.007158 -0.000038 0.020559 0.024324 0.999493 -0.000000 0.000000 0.000000 0.000000 1.000000
0.469543 0.882369 -0.030898 30.975616 -0.882672 0.469941 0.006744 -0.000034 0.020471 0.024106 0.999500 0.000000 0.000000 0.000000 0.000000 1.000000
0.479801 0.876841 -0.030674 30.975620 -0.877143 0.480188 0.006327 -0.000038 0.020277 0.023870 0.999509 -0.000000 0.000000 0.000000 0.000000 1.000000
0.488882 0.871817 -0.030491 30.975620 -0.872118 0.489260 0.005988 -0.000036 0.020138 0.023664 0.999517 0.000000 0.000000 0.000000 0.000000 1.000000
0.494661 0.868556 -0.030360 30.975620 -0.868856 0.495032 0.005714 -0.000038 0.019992 0.023552 0.999523 -0.000000 0.000000 0.000000 0.000000 1.000000
0.499008 0.866071 -0.030219 30.975622 -0.866370 0.499373 0.005536 -0.000038 0.019885 0.023418 0.999528 0.000000 0.000000 0.000000 0.000000 1.000000
0.500438 0.865243 -0.030267 30.975616 -0.865542 0.500806 0.005605 -0.000038 0.020008 0.023393 0.999526 0.000008 0.000000 0.000000 0.000000 1.000000</float_array><technique_common><accessor source="#LLeg2-Matrix-animation-output-transform-array" count="51" stride="16"><param type="float4x4"/></accessor></technique_common></source><source id="LLeg2-Interpolations"><Name_array id="LLeg2-Interpolations-array" count="51">
 LINEAR LINEAR LINEAR LINEAR LINEAR LINEAR LINEAR LINEAR LINEAR LINEAR LINEAR
LINEAR LINEAR LINEAR LINEAR LINEAR LINEAR LINEAR LINEAR LINEAR LINEAR LINEAR LINEAR
LINEAR LINEAR LINEAR LINEAR LINEAR LINEAR LINEAR LINEAR LINEAR LINEAR LINEAR LINEAR
LINEAR LINEAR LINEAR LINEAR LINEAR LINEAR LINEAR LINEAR LINEAR LINEAR LINEAR LINEAR
LINEAR LINEAR LINEAR LINEAR</Name_array><technique_common><accessor source="#LLeg2-Interpolations-array" count="51"><param type="name"/></accessor></technique_common></source><sampler id="LLeg2-Matrix-animation-transform"><input semantic="INPUT" source="#LLeg2-Matrix-animation-input"/><input semantic="OUTPUT" source="#LLeg2-Matrix-animation-output-transform"/><input semantic="INTERPOLATION" source="#LLeg2-Interpolations"/></sampler><channel source="#LLeg2-Matrix-animation-transform" target="LLeg2/matrix"/></animation></animation>
    <animation id="LLegAnkle-anim" name="LLegAnkle"><animation><source id="LLegAnkle-Matrix-animation-input"><float_array id="LLegAnkle-Matrix-animation-input-array" count="51">

0.000000 0.033333 0.066667 0.100000 0.133333 0.166667 0.200000 0.233333 0.266667 0.300000 0.333333 0.366667 0.400000 0.433333 0.466667 0.500000
0.533333 0.566667 0.600000 0.633333 0.666667 0.700000 0.733333 0.766667 0.800000 0.833333 0.866667 0.900000 0.933333 0.966667 1.000000 1.033333
1.066667 1.100000 1.133333 1.166667 1.200000 1.233333 1.266667 1.300000 1.333333 1.366667 1.400000 1.433333 1.466667 1.500000 1.533333 1.566667
1.600000 1.633333 1.666667</float_array><technique_common><accessor source="#LLegAnkle-Matrix-animation-input-array" count="51"><param name="TIME" type="float"/></accessor></technique_common></source><source id="LLegAnkle-Matrix-animation-output-transform"><float_array id="LLegAnkle-Matrix-animation-output-transform-array" count="816">

-0.517807 -0.849144 0.104071 42.417774 0.802083 -0.524182 -0.286175 -0.000001 0.297556 -0.064710 0.952509 0.000000 0.000000 0.000000 0.000000 1.000000
-0.518351 -0.848790 0.104253 42.417767 0.801537 -0.524711 -0.286736 0.000001 0.298081 -0.065067 0.952320 0.000001 0.000000 0.000000 0.000000 1.000000
-0.518905 -0.848452 0.104246 42.417767 0.800930 -0.525174 -0.287583 -0.000002 0.298747 -0.065734 0.952066 0.000000 0.000000 0.000000 0.000000 1.000000
-0.521727 -0.846649 0.104812 42.417767 0.798192 -0.527811 -0.290354 0.000001 0.301149 -0.067825 0.951162 0.000002 0.000000 0.000000 0.000000 1.000000
-0.523460 -0.845583 0.104786 42.417770 0.796610 -0.529321 -0.291947 -0.000001 0.302331 -0.069349 0.950677 0.000000 0.000000 0.000000 0.000000 1.000000
-0.526252 -0.843791 0.105240 42.417770 0.793723 -0.531844 -0.295205 0.000001 0.305063 -0.071821 0.949620 -0.000000 0.000000 0.000000 0.000000 1.000000
-0.528810 -0.842149 0.105573 42.417770 0.790956 -0.534092 -0.298555 0.000003 0.307813 -0.074376 0.948536 0.000002 0.000000 0.000000 0.000000 1.000000
-0.532346 -0.839868 0.105970 42.417763 0.787370 -0.537224 -0.302388 -0.000001 0.310896 -0.077538 0.947276 -0.000000 0.000000 0.000000 0.000000 1.000000
-0.535872 -0.837566 0.106413 42.417770 0.783585 -0.540302 -0.306707 -0.000000 0.314383 -0.080972 0.945837 0.000001 0.000000 0.000000 0.000000 1.000000
-0.539619 -0.835077 0.107042 42.417770 0.779316 -0.543553 -0.311797 -0.000001 0.318558 -0.084832 0.944100 -0.000002 0.000000 0.000000 0.000000 1.000000
-0.543052 -0.832764 0.107696 42.417774 0.775092 -0.546464 -0.317190 0.000002 0.322996 -0.088776 0.942228 -0.000002 0.000000 0.000000 0.000000 1.000000
-0.545466 -0.831219 0.107439 42.417774 0.772356 -0.548290 -0.320695 0.000004 0.325475 -0.091947 0.941070 0.000000 0.000000 0.000000 0.000000 1.000000
-0.549572 -0.828433 0.108023 42.417763 0.767505 -0.551715 -0.326416 -0.000000 0.330013 -0.096481 0.939033 0.000000 0.000000 0.000000 0.000000 1.000000
-0.552503 -0.826436 0.108373 42.417763 0.763599 -0.553988 -0.331684 -0.000000 0.334153 -0.100502 0.937145 -0.000000 0.000000 0.000000 0.000000 1.000000
-0.555544 -0.824359 0.108642 42.417763 0.759620 -0.556313 -0.336889 -0.000002 0.338157 -0.104630 0.935256 -0.000003 0.000000 0.000000 0.000000 1.000000
-0.558281 -0.822453 0.109058 42.417774 0.755643 -0.558338 -0.342437 0.000002 0.342530 -0.108767 0.933190 0.000000 0.000000 0.000000 0.000000 1.000000
-0.560983 -0.820617 0.109021 42.417770 0.752137 -0.560265 -0.346979 0.000002 0.345818 -0.112650 0.931515 -0.000001 0.000000 0.000000 0.000000 1.000000
-0.563344 -0.818984 0.109132 42.417770 0.748720 -0.561880 -0.351724 0.000001 0.349376 -0.116432 0.929721 -0.000001 0.000000 0.000000 0.000000 1.000000
-0.565449 -0.817522 0.109198 42.417770 0.745572 -0.563259 -0.356177 0.000002 0.352689 -0.119985 0.928016 0.000000 0.000000 0.000000 0.000000 1.000000
-0.567281 -0.816288 0.108935 42.417763 0.743048 -0.564380 -0.359660 0.000001 0.355067 -0.123085 0.926703 0.000000 0.000000 0.000000 0.000000 1.000000
-0.568145 -0.815650 0.109209 42.417770 0.740764 -0.564699 -0.363845 -0.000001 0.358441 -0.125819 0.925035 0.000000 0.000000 0.000000 0.000000 1.000000
-0.570031 -0.814366 0.108962 42.417770 0.738350 -0.565907 -0.366864 -0.000002 0.360424 -0.128672 0.923871 -0.000000 0.000000 0.000000 0.000000 1.000000
-0.571484 -0.813328 0.109105 42.417763 0.736239 -0.566894 -0.369573 -0.000002 0.362436 -0.130877 0.922774 0.000001 0.000000 0.000000 0.000000 1.000000
-0.572000 -0.813044 0.108519 42.417767 0.735728 -0.567039 -0.370366 -0.000001 0.362659 -0.132009 0.922525 0.000001 0.000000 0.000000 0.000000 1.000000
-0.572414 -0.812675 0.109094 42.417763 0.734332 -0.567273 -0.372771 0.000000 0.364828 -0.133268 0.921488 -0.000001 0.000000 0.000000 0.000000 1.000000
-0.572855 -0.812368 0.109068 42.417770 0.733875 -0.567605 -0.373166 0.000002 0.365055 -0.133728 0.921331 -0.000001 0.000000 0.000000 0.000000 1.000000
-0.572414 -0.812675 0.109094 42.417763 0.734332 -0.567273 -0.372771 -0.000001 0.364828 -0.133268 0.921488 -0.000000 0.000000 0.000000 0.000000 1.000000
-0.571814 -0.813004 0.109790 42.417770 0.734523 -0.566967 -0.372861 0.000001 0.365385 -0.132563 0.921369 0.000000 0.000000 0.000000 0.000000 1.000000
-0.571482 -0.813330 0.109098 42.417770 0.736246 -0.566891 -0.369563 -0.000001 0.362424 -0.130876 0.922779 0.000000 0.000000 0.000000 0.000000 1.000000
-0.570031 -0.814366 0.108962 42.417770 0.738350 -0.565907 -0.366864 -0.000002 0.360424 -0.128672 0.923871 -0.000000 0.000000 0.000000 0.000000 1.000000
-0.568372 -0.815496 0.109174 42.417767 0.740645 -0.564903 -0.363772 0.000000 0.358327 -0.125898 0.925068 0.000001 0.000000 0.000000 0.000000 1.000000
-0.567281 -0.816288 0.108935 42.417763 0.743048 -0.564380 -0.359660 0.000001 0.355067 -0.123085 0.926703 0.000000 0.000000 0.000000 0.000000 1.000000
-0.565449 -0.817522 0.109198 42.417770 0.745572 -0.563259 -0.356177 0.000002 0.352689 -0.119985 0.928016 0.000000 0.000000 0.000000 0.000000 1.000000
-0.563344 -0.818984 0.109132 42.417770 0.748720 -0.561880 -0.351724 0.000001 0.349376 -0.116432 0.929721 -0.000001 0.000000 0.000000 0.000000 1.000000
-0.560983 -0.820617 0.109021 42.417763 0.752137 -0.560265 -0.346979 0.000000 0.345818 -0.112650 0.931515 -0.000001 0.000000 0.000000 0.000000 1.000000
-0.558246 -0.822502 0.108870 42.417763 0.755806 -0.558271 -0.342186 -0.000001 0.342227 -0.108739 0.933304 0.000000 0.000000 0.000000 0.000000 1.000000
-0.555544 -0.824359 0.108642 42.417763 0.759620 -0.556313 -0.336889 -0.000002 0.338157 -0.104630 0.935256 -0.000003 0.000000 0.000000 0.000000 1.000000
-0.552503 -0.826436 0.108373 42.417763 0.763599 -0.553988 -0.331684 -0.000000 0.334153 -0.100502 0.937145 -0.000000 0.000000 0.000000 0.000000 1.000000
-0.549572 -0.828433 0.108023 42.417763 0.767505 -0.551715 -0.326416 -0.000000 0.330013 -0.096481 0.939033 0.000000 0.000000 0.000000 0.000000 1.000000
-0.545466 -0.831219 0.107439 42.417774 0.772356 -0.548290 -0.320695 0.000004 0.325475 -0.091947 0.941070 0.000000 0.000000 0.000000 0.000000 1.000000
-0.542460 -0.833202 0.107297 42.417763 0.775897 -0.545874 -0.316236 -0.000000 0.322060 -0.088293 0.942593 0.000002 0.000000 0.000000 0.000000 1.000000
-0.539619 -0.835077 0.107042 42.417770 0.779316 -0.543553 -0.311797 -0.000001 0.318558 -0.084832 0.944100 -0.000002 0.000000 0.000000 0.000000 1.000000
-0.535872 -0.837566 0.106413 42.417770 0.783585 -0.540302 -0.306707 -0.000000 0.314383 -0.080972 0.945837 0.000001 0.000000 0.000000 0.000000 1.000000
-0.532054 -0.840050 0.105996 42.417767 0.787539 -0.536955 -0.302427 0.000000 0.310970 -0.077431 0.947261 0.000000 0.000000 0.000000 0.000000 1.000000
-0.528810 -0.842149 0.105573 42.417770 0.790956 -0.534092 -0.298555 0.000003 0.307813 -0.074376 0.948536 0.000002 0.000000 0.000000 0.000000 1.000000
-0.526252 -0.843791 0.105240 42.417770 0.793723 -0.531844 -0.295205 0.000001 0.305063 -0.071821 0.949620 -0.000000 0.000000 0.000000 0.000000 1.000000
-0.523460 -0.845583 0.104786 42.417770 0.796610 -0.529321 -0.291947 -0.000001 0.302331 -0.069349 0.950677 0.000000 0.000000 0.000000 0.000000 1.000000
-0.521548 -0.846763 0.104787 42.417767 0.798330 -0.527639 -0.290289 0.000000 0.301096 -0.067745 0.951185 0.000000 0.000000 0.000000 0.000000 1.000000
-0.518905 -0.848452 0.104246 42.417767 0.800930 -0.525174 -0.287583 -0.000002 0.298747 -0.065734 0.952066 0.000000 0.000000 0.000000 0.000000 1.000000
-0.518096 -0.848939 0.104301 42.417767 0.801588 -0.524463 -0.287047 -0.000001 0.298387 -0.065111 0.952222 0.000002 0.000000 0.000000 0.000000 1.000000
-0.517807 -0.849144 0.104071 42.417774 0.802083 -0.524182 -0.286175 -0.000001 0.297556 -0.064710 0.952509 0.000000 0.000000 0.000000 0.000000 1.000000</float_array><technique_common><accessor source="#LLegAnkle-Matrix-animation-output-transform-array" count="51" stride="16"><param type="float4x4"/></accessor></technique_common></source><source id="LLegAnkle-Interpolations"><Name_array id="LLegAnkle-Interpolations-array" count="51">
 LINEAR LINEAR LINEAR LINEAR LINEAR LINEAR LINEAR LINEAR LINEAR LINEAR LINEAR
LINEAR LINEAR LINEAR LINEAR LINEAR LINEAR LINEAR LINEAR LINEAR LINEAR LINEAR LINEAR
LINEAR LINEAR LINEAR LINEAR LINEAR LINEAR LINEAR LINEAR LINEAR LINEAR LINEAR LINEAR
