<?xml version="1.0" encoding="utf-8"?>
<COLLADA xmlns="http://www.collada.org/2005/11/COLLADASchema" version="1.4.1">
  <asset><contributor><author></author><authoring_tool>FBX COLLADA exporter</authoring_tool><comments></comments></contributor><created>2015-05-01T22:32:51Z</created><keywords></keywords><modified>2015-05-01T22:32:51Z</modified><revision></revision><subject></subject><title></title><unit meter="1.000000" name="centimeter"></unit><up_axis>Y_UP</up_axis></asset>
  <library_animations>
    <animation id="DroidControl-anim" name="DroidControl"><animation><source id="DroidControl-Matrix-animation-input"><float_array id="DroidControl-Matrix-animation-input-array" count="0">
</float_array><technique_common><accessor source="#DroidControl-Matrix-animation-input-array" count="0"><param name="TIME" type="float"/></accessor></technique_common></source><source id="DroidControl-Matrix-animation-output-transform"><float_array id="DroidControl-Matrix-animation-output-transform-array" count="0">
</float_array><technique_common><accessor source="#DroidControl-Matrix-animation-output-transform-array" count="0" stride="16"><param type="float4x4"/></accessor></technique_common></source><source id="DroidControl-Interpolations"><Name_array id="DroidControl-Interpolations-array" count="0">
</Name_array><technique_common><accessor source="#DroidControl-Interpolations-array" count="0"><param type="name"/></accessor></technique_common></source><sampler id="DroidControl-Matrix-animation-transform"><input semantic="INPUT" source="#DroidControl-Matrix-animation-input"/><input semantic="OUTPUT" source="#DroidControl-Matrix-animation-output-transform"/><input semantic="INTERPOLATION" source="#DroidControl-Interpolations"/></sampler><channel source="#DroidControl-Matrix-animation-transform" target="DroidControl/matrix"/></animation></animation>
    <animation id="Pelvis-anim" name="Pelvis"><animation><source id="Pelvis-Matrix-animation-input"><float_array id="Pelvis-Matrix-animation-input-array" count="51">

0.000000 0.033333 0.066667 0.100000 0.133333 0.166667 0.200000 0.233333 0.266667 0.300000 0.333333 0.366667 0.400000 0.433333 0.466667 0.500000
0.533333 0.566667 0.600000 0.633333 0.666667 0.700000 0.733333 0.766667 0.800000 0.833333 0.866667 0.900000 0.933333 0.966667 1.000000 1.033333
1.066667 1.100000 1.133333 1.166667 1.200000 1.233333 1.266667 1.300000 1.333333 1.366667 1.400000 1.433333 1.466667 1.500000 1.533333 1.566667
1.600000 1.633333 1.666667</float_array><technique_common><accessor source="#Pelvis-Matrix-animation-input-array" count="51"><param name="TIME" type="float"/></accessor></technique_common></source><source id="Pelvis-Matrix-animation-output-transform"><float_array id="Pelvis-Matrix-animation-output-transform-array" count="816">

0.000000 -0.000000 1.000000 -0.000000 1.000000 0.000000 -0.000000 62.938950 0.000000 1.000000 0.000000 -10.065372 0.000000 0.000000 0.000000 1.000000
0.000000 -0.000000 1.000000 -0.000000 1.000000 0.000000 -0.000000 62.905827 0.000000 1.000000 0.000000 -10.013612 0.000000 0.000000 0.000000 1.000000
0.000000 -0.000000 1.000000 -0.000000 1.000000 0.000000 -0.000000 62.809475 0.000000 1.000000 0.000000 -9.863033 0.000000 0.000000 0.000000 1.000000
0.000000 -0.000000 1.000000 -0.000000 1.000000 0.000000 -0.000000 62.654404 0.000000 1.000000 0.000000 -9.620697 0.000000 0.000000 0.000000 1.000000
0.000000 -0.000000 1.000000 -0.000000 1.000000 0.000000 -0.000000 62.445137 0.000000 1.000000 0.000000 -9.293661 0.000000 0.000000 0.000000 1.000000
0.000000 -0.000000 1.000000 -0.000000 1.000000 0.000000 -0.000000 62.186188 0.000000 1.000000 0.000000 -8.888983 0.000000 0.000000 0.000000 1.000000
0.000000 -0.000000 1.000000 -0.000000 1.000000 0.000000 -0.000000 61.882069 0.000000 1.000000 0.000000 -8.413722 0.000000 0.000000 0.000000 1.000000
0.000000 -0.000000 1.000000 -0.000000 1.000000 0.000000 -0.000000 61.537304 0.000000 1.000000 0.000000 -7.874936 0.000000 0.000000 0.000000 1.000000
0.000000 -0.000000 1.000000 -0.000000 1.000000 0.000000 -0.000000 61.156406 0.000000 1.000000 0.000000 -7.279682 0.000000 0.000000 0.000000 1.000000
0.000000 -0.000000 1.000000 -0.000000 1.000000 0.000000 -0.000000 60.743893 0.000000 1.000000 0.000000 -6.635021 0.000000 0.000000 0.000000 1.000000
0.000000 -0.000000 1.000000 -0.000000 1.000000 0.000000 -0.000000 60.304276 0.000000 1.000000 0.000000 -5.948009 0.000000 0.000000 0.000000 1.000000
0.000000 -0.000000 1.000000 -0.000000 1.000000 0.000000 -0.000000 59.842079 0.000000 1.000000 0.000000 -5.225707 0.000000 0.000000 0.000000 1.000000
0.000000 -0.000000 1.000000 -0.000000 1.000000 0.000000 -0.000000 59.361816 0.000000 1.000000 0.000000 -4.475170 0.000000 0.000000 0.000000 1.000000
0.000000 -0.000000 1.000000 -0.000000 1.000000 0.000000 -0.000000 58.868004 0.000000 1.000000 0.000000 -3.703459 0.000000 0.000000 0.000000 1.000000
0.000000 -0.000000 1.000000 -0.000000 1.000000 0.000000 -0.000000 58.365158 0.000000 1.000000 0.000000 -2.917631 0.000000 0.000000 0.000000 1.000000
0.000000 -0.000000 1.000000 -0.000000 1.000000 0.000000 -0.000000 57.857796 0.000000 1.000000 0.000000 -2.124744 0.000000 0.000000 0.000000 1.000000
0.000000 -0.000000 1.000000 -0.000000 1.000000 0.000000 -0.000000 57.350433 0.000000 1.000000 0.000000 -1.331857 0.000000 0.000000 0.000000 1.000000
0.000000 -0.000000 1.000000 -0.000000 1.000000 0.000000 -0.000000 56.847588 0.000000 1.000000 0.000000 -0.546030 0.000000 0.000000 0.000000 1.000000
0.000000 -0.000000 1.000000 -0.000000 1.000000 0.000000 -0.000000 56.353775 0.000000 1.000000 0.000000 0.225682 0.000000 0.000000 0.000000 1.000000
0.000000 -0.000000 1.000000 -0.000000 1.000000 0.000000 -0.000000 55.873512 0.000000 1.000000 0.000000 0.976218 0.000000 0.000000 0.000000 1.000000
0.000000 -0.000000 1.000000 -0.000000 1.000000 0.000000 -0.000000 55.411312 0.000000 1.000000 0.000000 1.698521 0.000000 0.000000 0.000000 1.000000
0.000000 -0.000000 1.000000 -0.000000 1.000000 0.000000 -0.000000 54.971703 0.000000 1.000000 0.000000 2.385531 0.000000 0.000000 0.000000 1.000000
0.000000 -0.000000 1.000000 -0.000000 1.000000 0.000000 -0.000000 54.559185 0.000000 1.000000 0.000000 3.030194 0.000000 0.000000 0.000000 1.000000
0.000000 -0.000000 1.000000 -0.000000 1.000000 0.000000 -0.000000 54.178288 0.000000 1.000000 0.000000 3.625446 0.000000 0.000000 0.000000 1.000000
0.000000 -0.000000 1.000000 -0.000000 1.000000 0.000000 -0.000000 53.833523 0.000000 1.000000 0.000000 4.164234 0.000000 0.000000 0.000000 1.000000
0.000000 -0.000000 1.000000 -0.000000 1.000000 0.000000 -0.000000 53.529404 0.000000 1.000000 0.000000 4.639495 0.000000 0.000000 0.000000 1.000000
0.000000 -0.000000 1.000000 -0.000000 1.000000 0.000000 -0.000000 53.270454 0.000000 1.000000 0.000000 5.044173 0.000000 0.000000 0.000000 1.000000
0.000000 -0.000000 1.000000 -0.000000 1.000000 0.000000 -0.000000 53.061188 0.000000 1.000000 0.000000 5.371209 0.000000 0.000000 0.000000 1.000000
0.000000 -0.000000 1.000000 -0.000000 1.000000 0.000000 -0.000000 52.906116 0.000000 1.000000 0.000000 5.613544 0.000000 0.000000 0.000000 1.000000
0.000000 -0.000000 1.000000 -0.000000 1.000000 0.000000 -0.000000 52.809765 0.000000 1.000000 0.000000 5.764123 0.000000 0.000000 0.000000 1.000000
0.000000 -0.000000 1.000000 -0.000000 1.000000 0.000000 -0.000000 52.776642 0.000000 1.000000 0.000000 5.815884 0.000000 0.000000 0.000000 1.000000
0.000000 -0.000000 1.000000 -0.000000 1.000000 0.000000 -0.000000 55.620117 0.000000 1.000000 0.000000 -4.332452 0.000000 0.000000 0.000000 1.000000
0.000000 -0.000000 1.000000 -0.000000 1.000000 0.000000 -0.000000 58.717655 0.000000 1.000000 0.000000 -14.480787 0.000000 0.000000 0.000000 1.000000
0.000000 -0.000000 1.000000 -0.000000 1.000000 0.000000 -0.000000 59.208519 0.000000 1.000000 0.000000 -14.441418 0.000000 0.000000 0.000000 1.000000
0.000000 -0.000000 1.000000 -0.000000 1.000000 0.000000 -0.000000 59.665367 0.000000 1.000000 0.000000 -14.329367 0.000000 0.000000 0.000000 1.000000
0.000000 -0.000000 1.000000 -0.000000 1.000000 0.000000 -0.000000 60.088917 0.000000 1.000000 0.000000 -14.153720 0.000000 0.000000 0.000000 1.000000
0.000000 -0.000000 1.000000 -0.000000 1.000000 0.000000 -0.000000 60.479897 0.000000 1.000000 0.000000 -13.923561 0.000000 0.000000 0.000000 1.000000
0.000000 -0.000000 1.000000 -0.000000 1.000000 0.000000 -0.000000 60.839031 0.000000 1.000000 0.000000 -13.647976 0.000000 0.000000 0.000000 1.000000
0.000000 -0.000000 1.000000 -0.000000 1.000000 0.000000 -0.000000 61.167042 0.000000 1.000000 0.000000 -13.336050 0.000000 0.000000 0.000000 1.000000
0.000000 -0.000000 1.000000 -0.000000 1.000000 0.000000 -0.000000 61.464649 0.000000 1.000000 0.000000 -12.996869 0.000000 0.000000 0.000000 1.000000
0.000000 -0.000000 1.000000 -0.000000 1.000000 0.000000 -0.000000 61.732582 0.000000 1.000000 0.000000 -12.639517 0.000000 0.000000 0.000000 1.000000
0.000000 -0.000000 1.000000 -0.000000 1.000000 0.000000 -0.000000 61.971561 0.000000 1.000000 0.000000 -12.273080 0.000000 0.000000 0.000000 1.000000
0.000000 -0.000000 1.000000 -0.000000 1.000000 0.000000 -0.000000 62.182316 0.000000 1.000000 0.000000 -11.906643 0.000000 0.000000 0.000000 1.000000
0.000000 -0.000000 1.000000 -0.000000 1.000000 0.000000 -0.000000 62.365562 0.000000 1.000000 0.000000 -11.549291 0.000000 0.000000 0.000000 1.000000
0.000000 -0.000000 1.000000 -0.000000 1.000000 0.000000 -0.000000 62.522026 0.000000 1.000000 0.000000 -11.210110 0.000000 0.000000 0.000000 1.000000
0.000000 -0.000000 1.000000 -0.000000 1.000000 0.000000 -0.000000 62.652435 0.000000 1.000000 0.000000 -10.898184 0.000000 0.000000 0.000000 1.000000
0.000000 -0.000000 1.000000 -0.000000 1.000000 0.000000 -0.000000 62.757511 0.000000 1.000000 0.000000 -10.622600 0.000000 0.000000 0.000000 1.000000
0.000000 -0.000000 1.000000 -0.000000 1.000000 0.000000 -0.000000 62.837975 0.000000 1.000000 0.000000 -10.392440 0.000000 0.000000 0.000000 1.000000
0.000000 -0.000000 1.000000 -0.000000 1.000000 0.000000 -0.000000 62.894554 0.000000 1.000000 0.000000 -10.216793 0.000000 0.000000 0.000000 1.000000
0.000000 -0.000000 1.000000 -0.000000 1.000000 0.000000 -0.000000 62.927971 0.000000 1.000000 0.000000 -10.104741 0.000000 0.000000 0.000000 1.000000
0.000000 -0.000000 1.000000 -0.000000 1.000000 0.000000 -0.000000 62.938950 0.000000 1.000000 0.000000 -10.065372 0.000000 0.000000 0.000000 1.000000</float_array><technique_common><accessor source="#Pelvis-Matrix-animation-output-transform-array" count="51" stride="16"><param type="float4x4"/></accessor></technique_common></source><source id="Pelvis-Interpolations"><Name_array id="Pelvis-Interpolations-array" count="51">
 LINEAR LINEAR LINEAR LINEAR LINEAR LINEAR LINEAR LINEAR LINEAR LINEAR LINEAR
LINEAR LINEAR LINEAR LINEAR LINEAR LINEAR LINEAR LINEAR LINEAR LINEAR LINEAR LINEAR
LINEAR LINEAR LINEAR LINEAR LINEAR LINEAR LINEAR LINEAR LINEAR LINEAR LINEAR LINEAR
LINEAR LINEAR LINEAR LINEAR LINEAR LINEAR LINEAR LINEAR LINEAR LINEAR LINEAR LINEAR
LINEAR LINEAR LINEAR LINEAR</Name_array><technique_common><accessor source="#Pelvis-Interpolations-array" count="51"><param type="name"/></accessor></technique_common></source><sampler id="Pelvis-Matrix-animation-transform"><input semantic="INPUT" source="#Pelvis-Matrix-animation-input"/><input semantic="OUTPUT" source="#Pelvis-Matrix-animation-output-transform"/><input semantic="INTERPOLATION" source="#Pelvis-Interpolations"/></sampler><channel source="#Pelvis-Matrix-animation-transform" target="Pelvis/matrix"/></animation></animation>
    <animation id="LLeg1-anim" name="LLeg1"><animation><source id="LLeg1-Matrix-animation-input"><float_array id="LLeg1-Matrix-animation-input-array" count="51">

0.000000 0.033333 0.066667 0.100000 0.133333 0.166667 0.200000 0.233333 0.266667 0.300000 0.333333 0.366667 0.400000 0.433333 0.466667 0.500000
0.533333 0.566667 0.600000 0.633333 0.666667 0.700000 0.733333 0.766667 0.800000 0.833333 0.866667 0.900000 0.933333 0.966667 1.000000 1.033333
1.066667 1.100000 1.133333 1.166667 1.200000 1.233333 1.266667 1.300000 1.333333 1.366667 1.400000 1.433333 1.466667 1.500000 1.533333 1.566667
1.600000 1.633333 1.666667</float_array><technique_common><accessor source="#LLeg1-Matrix-animation-input-array" count="51"><param name="TIME" type="float"/></accessor></technique_common></source><source id="LLeg1-Matrix-animation-output-transform"><float_array id="LLeg1-Matrix-animation-output-transform-array" count="816">

-0.789375 0.611140 -0.058263 0.000000 0.568351 0.763374 0.306982 0.000000 0.232085 0.209210 -0.949930 7.451146 0.000000 0.000000 0.000000 1.000000
-0.789218 0.611314 -0.058560 0.000000 0.568458 0.763297 0.306976 0.000000 0.232357 0.208983 -0.949913 7.451146 0.000000 0.000000 0.000000 1.000000
-0.788773 0.611805 -0.059425 0.000000 0.568753 0.763084 0.306959 0.000000 0.233145 0.208323 -0.949865 7.451146 0.000000 0.000000 0.000000 1.000000
-0.788091 0.612546 -0.060821 0.000000 0.569183 0.762776 0.306926 0.000000 0.234399 0.207267 -0.949788 7.451146 0.000000 0.000000 0.000000 1.000000
-0.787238 0.613451 -0.062714 0.000000 0.569674 0.762432 0.306870 0.000000 0.236065 0.205853 -0.949683 7.451146 0.000000 0.000000 0.000000 1.000000
-0.786288 0.614424 -0.065069 0.000000 0.570146 0.762114 0.306784 0.000000 0.238085 0.204122 -0.949552 7.451146 0.000000 0.000000 0.000000 1.000000
-0.785319 0.615361 -0.067852 0.000000 0.570509 0.761892 0.306658 0.000000 0.240401 0.202115 -0.949397 7.451146 0.000000 0.000000 0.000000 1.000000
-0.784410 0.616162 -0.071031 0.000000 0.570677 0.761837 0.306483 -0.000000 0.242957 0.199873 -0.949222 7.451146 0.000000 0.000000 0.000000 1.000000
-0.783636 0.616728 -0.074571 0.000000 0.570568 0.762013 0.306248 -0.000000 0.245696 0.197440 -0.949026 7.451146 0.000000 0.000000 0.000000 1.000000
-0.783065 0.616973 -0.078438 0.000000 0.570108 0.762480 0.305943 -0.000000 0.248566 0.194855 -0.948813 7.451146 0.000000 0.000000 0.000000 1.000000
-0.782758 0.616821 -0.082597 0.000000 0.569234 0.763287 0.305559 -0.000000 0.251520 0.192162 -0.948583 7.451146 0.000000 0.000000 0.000000 1.000000
-0.782762 0.616208 -0.087010 0.000000 0.567895 0.764472 0.305087 -0.000000 0.254514 0.189398 -0.948341 7.451146 0.000000 0.000000 0.000000 1.000000
-0.783115 0.615088 -0.091640 0.000000 0.566056 0.766059 0.304522 -0.000000 0.257509 0.186602 -0.948086 7.451146 0.000000 0.000000 0.000000 1.000000
-0.783838 0.613429 -0.096445 0.000000 0.563695 0.768062 0.303858 -0.000000 0.260471 0.183810 -0.947823 7.451146 0.000000 0.000000 0.000000 1.000000
-0.784942 0.611218 -0.101382 0.000000 0.560805 0.770475 0.303094 -0.000000 0.263368 0.181056 -0.947552 7.451146 0.000000 0.000000 0.000000 1.000000
-0.786421 0.608457 -0.106407 0.000000 0.557398 0.773282 0.302230 -0.000000 0.266177 0.178369 -0.947277 7.451146 0.000000 0.000000 0.000000 1.000000
-0.788255 0.605167 -0.111475 0.000000 0.553498 0.776450 0.301271 -0.000000 0.268874 0.175778 -0.946999 7.451146 0.000000 0.000000 0.000000 1.000000
-0.790414 0.601387 -0.116533 0.000000 0.549151 0.779935 0.300224 -0.000000 0.271439 0.173307 -0.946723 7.451146 0.000000 0.000000 0.000000 1.000000
-0.792852 0.597171 -0.121537 0.000000 0.544413 0.783680 0.299101 -0.000000 0.273860 0.170977 -0.946449 7.451146 0.000000 0.000000 0.000000 1.000000
-0.795517 0.592596 -0.126421 0.000000 0.539363 0.787613 0.297916 -0.000000 0.276114 0.168811 -0.946183 7.451146 0.000000 0.000000 0.000000 1.000000
-0.798342 0.587745 -0.131168 0.000000 0.534082 0.791665 0.296687 -0.000000 0.278218 0.166804 -0.945923 7.451146 0.000000 0.000000 0.000000 1.000000
-0.801260 0.582726 -0.135693 0.000000 0.528683 0.795745 0.295438 -0.000000 0.280136 0.164984 -0.945676 7.451146 0.000000 0.000000 0.000000 1.000000
-0.804192 0.577657 -0.139955 0.000000 0.523280 0.799768 0.294192 -0.000000 0.281874 0.163351 -0.945443 7.451146 0.000000 0.000000 0.000000 1.000000
-0.807060 0.572666 -0.143901 0.000000 0.518000 0.803641 0.292979 -0.000000 0.283424 0.161911 -0.945227 7.451146 0.000000 0.000000 0.000000 1.000000
-0.809784 0.567890 -0.147481 0.000000 0.512979 0.807273 0.291828 -0.000000 0.284783 0.160663 -0.945032 7.451146 0.000000 0.000000 0.000000 1.000000
-0.812283 0.563473 -0.150645 0.000000 0.508358 0.810571 0.290770 -0.000000 0.285949 0.159606 -0.944859 7.451146 0.000000 0.000000 0.000000 1.000000
-0.814480 0.559561 -0.153341 0.000000 0.504282 0.813445 0.289838 -0.000000 0.286917 0.158741 -0.944711 7.451146 0.000000 0.000000 0.000000 1.000000
-0.816299 0.556299 -0.155522 0.000000 0.500893 0.815812 0.289064 -0.000000 0.287683 0.158063 -0.944592 7.451146 0.000000 0.000000 0.000000 1.000000
-0.817673 0.553822 -0.157138 0.000000 0.498326 0.817589 0.288479 -0.000000 0.288240 0.157575 -0.944503 7.451146 0.000000 0.000000 0.000000 1.000000
-0.818536 0.552258 -0.158143 0.000000 0.496707 0.818704 0.288109 -0.000000 0.288583 0.157277 -0.944448 7.451146 0.000000 0.000000 0.000000 1.000000
-0.818835 0.551715 -0.158489 0.000000 0.496146 0.819089 0.287981 -0.000000 0.288701 0.157176 -0.944429 7.451146 0.000000 0.000000 0.000000 1.000000
-0.720948 0.685842 -0.099268 0.000000 0.634044 0.710635 0.304935 -0.000000 0.279680 0.156902 -0.947185 7.451146 0.000000 0.000000 0.000000 1.000000
-0.655828 0.753841 -0.040160 0.000000 0.709244 0.633506 0.309262 0.000000 0.258576 0.174339 -0.950128 7.451146 0.000000 0.000000 0.000000 1.000000
-0.667185 0.743820 -0.039952 0.000000 0.699657 0.644173 0.309063 0.000000 0.255624 0.178249 -0.950201 7.451146 0.000000 0.000000 0.000000 1.000000
-0.678498 0.733504 -0.040148 0.000000 0.689712 0.654897 0.308881 0.000000 0.252858 0.181884 -0.950252 7.451146 0.000000 0.000000 0.000000 1.000000
-0.689658 0.722991 -0.040692 0.000000 0.679508 0.665556 0.308712 0.000000 0.250279 0.185256 -0.950284 7.451146 0.000000 0.000000 0.000000 1.000000
-0.700570 0.712374 -0.041530 0.000000 0.669145 0.676047 0.308555 0.000000 0.247883 0.188375 -0.950299 7.451146 0.000000 0.000000 0.000000 1.000000
-0.711151 0.701747 -0.042614 0.000000 0.658720 0.686275 0.308405 0.000000 0.245667 0.191252 -0.950299 7.451146 0.000000 0.000000 0.000000 1.000000
-0.721323 0.691206 -0.043893 0.000000 0.648334 0.696159 0.308262 0.000000 0.243629 0.193899 -0.950288 7.451146 0.000000 0.000000 0.000000 1.000000
-0.731019 0.680850 -0.045321 0.000000 0.638091 0.705621 0.308121 0.000000 0.241764 0.196323 -0.950266 7.451146 0.000000 0.000000 0.000000 1.000000
-0.740175 0.670780 -0.046852 0.000000 0.628098 0.714591 0.307982 0.000000 0.240068 0.198533 -0.950237 7.451146 0.000000 0.000000 0.000000 1.000000
-0.748731 0.661101 -0.048442 0.000000 0.618466 0.723002 0.307843 0.000000 0.238539 0.200532 -0.950202 7.451146 0.000000 0.000000 0.000000 1.000000
-0.756630 0.651925 -0.050046 0.000000 0.609310 0.730793 0.307706 0.000000 0.237175 0.202326 -0.950164 7.451146 0.000000 0.000000 0.000000 1.000000
-0.763815 0.643368 -0.051621 0.000000 0.600753 0.737900 0.307571 0.000000 0.235973 0.203916 -0.950123 7.451146 0.000000 0.000000 0.000000 1.000000
-0.770230 0.635550 -0.053126 0.000000 0.592918 0.744263 0.307441 0.000000 0.234934 0.205302 -0.950082 7.451146 0.000000 0.000000 0.000000 1.000000
-0.775821 0.628594 -0.054515 0.000000 0.585935 0.749823 0.307319 0.000000 0.234056 0.206483 -0.950043 7.451146 0.000000 0.000000 0.000000 1.000000
-0.780531 0.622626 -0.055748 0.000000 0.579934 0.754519 0.307210 0.000000 0.233340 0.207457 -0.950007 7.451146 0.000000 0.000000 0.000000 1.000000
-0.784303 0.617774 -0.056782 0.000000 0.575047 0.758287 0.307116 0.000000 0.232786 0.208220 -0.949976 7.451146 0.000000 0.000000 0.000000 1.000000
-0.787076 0.614163 -0.057575 0.000000 0.571405 0.761065 0.307044 0.000000 0.232394 0.208768 -0.949951 7.451146 0.000000 0.000000 0.000000 1.000000
-0.788789 0.611914 -0.058083 0.000000 0.569133 0.762784 0.306998 0.000000 0.232161 0.209100 -0.949935 7.451146 0.000000 0.000000 0.000000 1.000000
-0.789375 0.611140 -0.058263 0.000000 0.568351 0.763374 0.306982 0.000000 0.232085 0.209210 -0.949930 7.451146 0.000000 0.000000 0.000000 1.000000</float_array><technique_common><accessor source="#LLeg1-Matrix-animation-output-transform-array" count="51" stride="16"><param type="float4x4"/></accessor></technique_common></source><source id="LLeg1-Interpolations"><Name_array id="LLeg1-Interpolations-array" count="51">
 LINEAR LINEAR LINEAR LINEAR LINEAR LINEAR LINEAR LINEAR LINEAR LINEAR LINEAR
LINEAR LINEAR LINEAR LINEAR LINEAR LINEAR LINEAR LINEAR LINEAR LINEAR LINEAR LINEAR
LINEAR LINEAR LINEAR LINEAR LINEAR LINEAR LINEAR LINEAR LINEAR LINEAR LINEAR LINEAR
LINEAR LINEAR LINEAR LINEAR LINEAR LINEAR LINEAR LINEAR LINEAR LINEAR LINEAR LINEAR
LINEAR LINEAR LINEAR LINEAR</Name_array><technique_common><accessor source="#LLeg1-Interpolations-array" count="51"><param type="name"/></accessor></technique_common></source><sampler id="LLeg1-Matrix-animation-transform"><input semantic="INPUT" source="#LLeg1-Matrix-animation-input"/><input semantic="OUTPUT" source="#LLeg1-Matrix-animation-output-transform"/><input semantic="INTERPOLATION" source="#LLeg1-Interpolations"/></sampler><channel source="#LLeg1-Matrix-animation-transform" target="LLeg1/matrix"/></animation></animation>
    <animation id="LLeg2-anim" name="LLeg2"><animation><source id="LLeg2-Matrix-animation-input"><float_array id="LLeg2-Matrix-animation-input-array" count="51">

0.000000 0.033333 0.066667 0.100000 0.133333 0.166667 0.200000 0.233333 0.266667 0.300000 0.333333 0.366667 0.400000 0.433333 0.466667 0.500000
0.533333 0.566667 0.600000 0.633333 0.666667 0.700000 0.733333 0.766667 0.800000 0.833333 0.866667 0.900000 0.933333 0.966667 1.000000 1.033333
1.066667 1.100000 1.133333 1.166667 1.200000 1.233333 1.266667 1.300000 1.333333 1.366667 1.400000 1.433333 1.466667 1.500000 1.533333 1.566667
1.600000 1.633333 1.666667</float_array><technique_common><accessor source="#LLeg2-Matrix-animation-input-array" count="51"><param name="TIME" type="float"/></accessor></technique_common></source><source id="LLeg2-Matrix-animation-output-transform"><float_array id="LLeg2-Matrix-animation-output-transform-array" count="816">

0.428149 0.903156 -0.031594 30.975618 -0.903467 0.428581 0.008131 -0.000042 0.020884 0.025062 0.999468 0.000010 0.000000 0.000000 0.000000 1.000000
0.426619 0.903879 -0.031619 30.975618 -0.904190 0.427053 0.008185 -0.000038 0.020901 0.025098 0.999466 0.000008 0.000000 0.000000 0.000000 1.000000
0.422195 0.905951 -0.031691 30.975618 -0.906263 0.422632 0.008340 -0.000042 0.020949 0.025200 0.999463 0.000010 0.000000 0.000000 0.000000 1.000000
0.415667 0.908961 -0.031797 30.975616 -0.909274 0.416111 0.008570 -0.000034 0.021021 0.025350 0.999458 0.000006 0.000000 0.000000 0.000000 1.000000
0.405688 0.913453 -0.031954 30.975613 -0.913767 0.406140 0.008916 -0.000034 0.021122 0.025581 0.999450 0.000010 0.000000 0.000000 0.000000 1.000000
0.394479 0.918343 -0.032125 30.975616 -0.918659 0.394941 0.009311 -0.000034 0.021238 0.025839 0.999440 0.000008 0.000000 0.000000 0.000000 1.000000
0.380857 0.924069 -0.032325 30.975618 -0.924387 0.381330 0.009784 -0.000034 0.021368 0.026155 0.999430 0.000007 0.000000 0.000000 0.000000 1.000000
0.366064 0.930021 -0.032534 30.975618 -0.930341 0.366551 0.010302 -0.000042 0.021506 0.026496 0.999418 0.000011 0.000000 0.000000 0.000000 1.000000
0.350537 0.935977 -0.032746 30.975616 -0.936298 0.351038 0.010851 -0.000038 0.021651 0.026856 0.999405 0.000007 0.000000 0.000000 0.000000 1.000000
0.332878 0.942393 -0.032985 30.975611 -0.942717 0.333395 0.011489 -0.000038 0.021824 0.027272 0.999390 0.000009 0.000000 0.000000 0.000000 1.000000
0.316031 0.948169 -0.033174 30.975624 -0.948495 0.316562 0.012065 -0.000042 0.021941 0.027653 0.999377 0.000008 0.000000 0.000000 0.000000 1.000000
0.297854 0.954028 -0.033373 30.975615 -0.954356 0.298401 0.012685 -0.000038 0.022061 0.028071 0.999362 0.000008 0.000000 0.000000 0.000000 1.000000
0.279899 0.959443 -0.033563 30.975620 -0.959773 0.280461 0.013313 -0.000038 0.022186 0.028486 0.999348 0.000008 0.000000 0.000000 0.000000 1.000000
0.262067 0.964460 -0.033738 30.975616 -0.964792 0.262645 0.013936 -0.000038 0.022302 0.028898 0.999333 0.000010 0.000000 0.000000 0.000000 1.000000
0.245036 0.968921 -0.033913 30.975609 -0.969254 0.245631 0.014572 -0.000031 0.022449 0.029299 0.999319 0.000010 0.000000 0.000000 0.000000 1.000000
0.227578 0.973165 -0.034042 30.975616 -0.973500 0.228186 0.015141 -0.000034 0.022503 0.029694 0.999306 0.000009 0.000000 0.000000 0.000000 1.000000
0.211266 0.976832 -0.034171 30.975615 -0.977167 0.211889 0.015713 -0.000038 0.022589 0.030072 0.999292 0.000009 0.000000 0.000000 0.000000 1.000000
0.195763 0.980052 -0.034284 30.975616 -0.980389 0.196399 0.016254 -0.000038 0.022663 0.030429 0.999280 0.000005 0.000000 0.000000 0.000000 1.000000
0.181184 0.982849 -0.034381 30.975616 -0.983186 0.181833 0.016764 -0.000034 0.022728 0.030766 0.999268 0.000008 0.000000 0.000000 0.000000 1.000000
0.167618 0.985250 -0.034459 30.975615 -0.985589 0.168278 0.017224 -0.000038 0.022769 0.031076 0.999258 0.000008 0.000000 0.000000 0.000000 1.000000
0.155132 0.987290 -0.034537 30.975611 -0.987630 0.155804 0.017675 -0.000038 0.022831 0.031368 0.999247 0.000007 0.000000 0.000000 0.000000 1.000000
0.143776 0.989006 -0.034597 30.975609 -0.989346 0.144458 0.018071 -0.000042 0.022870 0.031630 0.999238 0.000010 0.000000 0.000000 0.000000 1.000000
0.133580 0.990433 -0.034647 30.975620 -0.990773 0.134271 0.018429 -0.000034 0.022904 0.031866 0.999230 0.000008 0.000000 0.000000 0.000000 1.000000
0.124562 0.991606 -0.034688 30.975615 -0.991947 0.125261 0.018742 -0.000038 0.022930 0.032074 0.999222 0.000009 0.000000 0.000000 0.000000 1.000000
0.116727 0.992558 -0.034721 30.975616 -0.992899 0.117433 0.019016 -0.000034 0.022952 0.032255 0.999216 0.000009 0.000000 0.000000 0.000000 1.000000
0.110075 0.993316 -0.034748 30.975613 -0.993658 0.110786 0.019249 -0.000034 0.022970 0.032409 0.999211 0.000010 0.000000 0.000000 0.000000 1.000000
0.104601 0.993907 -0.034768 30.975616 -0.994248 0.105317 0.019440 -0.000034 0.022983 0.032535 0.999206 0.000008 0.000000 0.000000 0.000000 1.000000
0.100305 0.994349 -0.034784 30.975616 -0.994691 0.101025 0.019590 -0.000038 0.022994 0.032634 0.999203 0.000006 0.000000 0.000000 0.000000 1.000000
0.097196 0.994657 -0.034794 30.975616 -0.994999 0.097918 0.019698 -0.000038 0.023000 0.032706 0.999200 0.000010 0.000000 0.000000 0.000000 1.000000
0.095297 0.994841 -0.034801 30.975613 -0.995183 0.096021 0.019765 -0.000038 0.023005 0.032750 0.999199 0.000012 0.000000 0.000000 0.000000 1.000000
0.095129 0.994857 -0.034790 30.975618 -0.995197 0.095855 0.019849 -0.000038 0.023082 0.032735 0.999198 0.000009 0.000000 0.000000 0.000000 1.000000
0.118843 0.992307 -0.034712 30.975613 -0.992648 0.119547 0.018942 -0.000034 0.022946 0.032206 0.999218 0.000006 0.000000 0.000000 0.000000 1.000000
0.238772 0.970483 -0.033949 30.975616 -0.970816 0.239370 0.014750 -0.000038 0.022441 0.029436 0.999315 0.000006 0.000000 0.000000 0.000000 1.000000
0.260447 0.964898 -0.033753 30.975616 -0.965230 0.261026 0.013993 -0.000038 0.022312 0.028935 0.999332 0.000008 0.000000 0.000000 0.000000 1.000000
0.280597 0.959240 -0.033555 30.975620 -0.959569 0.281159 0.013288 -0.000034 0.022181 0.028470 0.999348 0.000011 0.000000 0.000000 0.000000 1.000000
0.299264 0.953588 -0.033358 30.975616 -0.953916 0.299809 0.012636 -0.000038 0.022050 0.028039 0.999364 0.000010 0.000000 0.000000 0.000000 1.000000
0.316814 0.947908 -0.033166 30.975616 -0.948233 0.317345 0.012057 -0.000038 0.021954 0.027629 0.999377 0.000009 0.000000 0.000000 0.000000 1.000000
0.332324 0.942589 -0.032973 30.975620 -0.942913 0.332840 0.011481 -0.000038 0.021796 0.027275 0.999390 0.000009 0.000000 0.000000 0.000000 1.000000
0.346822 0.937358 -0.032790 30.975615 -0.937681 0.347325 0.010974 -0.000042 0.021675 0.026941 0.999402 0.000010 0.000000 0.000000 0.000000 1.000000
0.360029 0.932371 -0.032616 30.975620 -0.932692 0.360521 0.010513 -0.000046 0.021560 0.026636 0.999413 0.000005 0.000000 0.000000 0.000000 1.000000
0.371990 0.927670 -0.032451 30.975618 -0.927989 0.372471 0.010094 -0.000038 0.021451 0.026359 0.999422 0.000008 0.000000 0.000000 0.000000 1.000000
0.383192 0.923104 -0.032293 30.975613 -0.923422 0.383664 0.009707 -0.000042 0.021351 0.026100 0.999431 0.000010 0.000000 0.000000 0.000000 1.000000
0.392321 0.919267 -0.032157 30.975615 -0.919583 0.392784 0.009384 -0.000042 0.021257 0.025890 0.999439 0.000007 0.000000 0.000000 0.000000 1.000000
0.401062 0.915491 -0.032028 30.975615 -0.915806 0.401518 0.009086 -0.000038 0.021178 0.025687 0.999446 0.000008 0.000000 0.000000 0.000000 1.000000
0.408036 0.912408 -0.031917 30.975615 -0.912722 0.408485 0.008835 -0.000034 0.021098 0.025527 0.999451 0.000008 0.000000 0.000000 0.000000 1.000000
0.414196 0.909632 -0.031820 30.975616 -0.909944 0.414641 0.008619 -0.000034 0.021034 0.025385 0.999457 0.000006 0.000000 0.000000 0.000000 1.000000
0.419232 0.907324 -0.031739 30.975622 -0.907637 0.419672 0.008443 -0.000042 0.020981 0.025268 0.999461 0.000008 0.000000 0.000000 0.000000 1.000000
0.423143 0.905509 -0.031676 30.975616 -0.905821 0.423580 0.008306 -0.000042 0.020939 0.025178 0.999464 0.000008 0.000000 0.000000 0.000000 1.000000
0.425932 0.904203 -0.031630 30.975616 -0.904513 0.426366 0.008209 -0.000034 0.020909 0.025113 0.999466 0.000006 0.000000 0.000000 0.000000 1.000000
0.427595 0.903418 -0.031603 30.975622 -0.903729 0.428028 0.008151 -0.000038 0.020891 0.025075 0.999467 0.000005 0.000000 0.000000 0.000000 1.000000
0.428149 0.903156 -0.031594 30.975618 -0.903467 0.428581 0.008131 -0.000042 0.020884 0.025062 0.999468 0.000010 0.000000 0.000000 0.000000 1.000000</float_array><technique_common><accessor source="#LLeg2-Matrix-animation-output-transform-array" count="51" stride="16"><param type="float4x4"/></accessor></technique_common></source><source id="LLeg2-Interpolations"><Name_array id="LLeg2-Interpolations-array" count="51">
 LINEAR LINEAR LINEAR LINEAR LINEAR LINEAR LINEAR LINEAR LINEAR LINEAR LINEAR
LINEAR LINEAR LINEAR LINEAR LINEAR LINEAR LINEAR LINEAR LINEAR LINEAR LINEAR LINEAR
LINEAR LINEAR LINEAR LINEAR LINEAR LINEAR LINEAR LINEAR LINEAR LINEAR LINEAR LINEAR
LINEAR LINEAR LINEAR LINEAR LINEAR LINEAR LINEAR LINEAR LINEAR LINEAR LINEAR LINEAR
LINEAR LINEAR LINEAR LINEAR</Name_array><technique_common><accessor source="#LLeg2-Interpolations-array" count="51"><param type="name"/></accessor></technique_common></source><sampler id="LLeg2-Matrix-animation-transform"><input semantic="INPUT" source="#LLeg2-Matrix-animation-input"/><input semantic="OUTPUT" source="#LLeg2-Matrix-animation-output-transform"/><input semantic="INTERPOLATION" source="#LLeg2-Interpolations"/></sampler><channel source="#LLeg2-Matrix-animation-transform" target="LLeg2/matrix"/></animation></animation>
    <animation id="LLegAnkle-anim" name="LLegAnkle"><animation><source id="LLegAnkle-Matrix-animation-input"><float_array id="LLegAnkle-Matrix-animation-input-array" count="51">

0.000000 0.033333 0.066667 0.100000 0.133333 0.166667 0.200000 0.233333 0.266667 0.300000 0.333333 0.366667 0.400000 0.433333 0.466667 0.500000
0.533333 0.566667 0.600000 0.633333 0.666667 0.700000 0.733333 0.766667 0.800000 0.833333 0.866667 0.900000 0.933333 0.966667 1.000000 1.033333
1.066667 1.100000 1.133333 1.166667 1.200000 1.233333 1.266667 1.300000 1.333333 1.366667 1.400000 1.433333 1.466667 1.500000 1.533333 1.566667
1.600000 1.633333 1.666667</float_array><technique_common><accessor source="#LLegAnkle-Matrix-animation-input-array" count="51"><param name="TIME" type="float"/></accessor></technique_common></source><source id="LLegAnkle-Matrix-animation-output-transform"><float_array id="LLegAnkle-Matrix-animation-output-transform-array" count="816">

-0.366717 -0.923827 0.109828 42.417767 0.881583 -0.382784 -0.276202 0.000001 0.297204 -0.004465 0.954804 0.000000 0.000000 0.000000 0.000000 1.000000
-0.368068 -0.923266 0.110030 42.417770 0.881008 -0.384133 -0.276166 0.000000 0.297240 -0.004711 0.954791 0.000002 0.000000 0.000000 0.000000 1.000000
-0.371977 -0.921629 0.110608 42.417770 0.879329 -0.388035 -0.276061 -0.000000 0.297346 -0.005427 0.954755 -0.000002 0.000000 0.000000 0.000000 1.000000
-0.378712 -0.918750 0.111696 42.417770 0.876099 -0.394779 -0.276769 0.000001 0.298376 -0.006959 0.954423 -0.000001 0.000000 0.000000 0.000000 1.000000
-0.386624 -0.915319 0.112752 42.417770 0.872857 -0.402647 -0.275675 0.000001 0.297730 -0.008166 0.954616 -0.000000 0.000000 0.000000 0.000000 1.000000
-0.397228 -0.910569 0.114346 42.417770 0.867821 -0.413228 -0.275916 0.000000 0.298492 -0.010370 0.954356 0.000000 0.000000 0.000000 0.000000 1.000000
-0.408863 -0.905202 0.115938 42.417763 0.862474 -0.424799 -0.275109 0.000001 0.298279 -0.012488 0.954397 -0.000002 0.000000 0.000000 0.000000 1.000000
-0.422244 -0.898794 0.117815 42.417770 0.855895 -0.438109 -0.274782 0.000002 0.298588 -0.015188 0.954262 0.000001 0.000000 0.000000 0.000000 1.000000
-0.437301 -0.891275 0.119991 42.417770 0.847963 -0.453085 -0.275089 0.000000 0.299546 -0.018549 0.953902 -0.000001 0.000000 0.000000 0.000000 1.000000
-0.452050 -0.883642 0.121767 42.417763 0.840531 -0.467679 -0.273468 -0.000002 0.298596 -0.021272 0.954143 0.000001 0.000000 0.000000 0.000000 1.000000
-0.469072 -0.874381 0.124220 42.417767 0.830684 -0.484576 -0.274135 -0.000003 0.299892 -0.025402 0.953635 0.000000 0.000000 0.000000 0.000000 1.000000
-0.485584 -0.865018 0.126307 42.417770 0.821192 -0.500902 -0.273391 0.000000 0.299755 -0.029032 0.953575 0.000000 0.000000 0.000000 0.000000 1.000000
-0.502811 -0.854791 0.128509 42.417767 0.810679 -0.517915 -0.273065 -0.000001 0.299971 -0.033121 0.953374 -0.000001 0.000000 0.000000 0.000000 1.000000
-0.520204 -0.843985 0.130686 42.417763 0.799568 -0.535063 -0.272763 0.000002 0.300133 -0.037400 0.953164 0.000001 0.000000 0.000000 0.000000 1.000000
-0.538255 -0.832222 0.132998 42.417770 0.787315 -0.552834 -0.272967 0.000000 0.300695 -0.042215 0.952786 -0.000001 0.000000 0.000000 0.000000 1.000000
-0.554782 -0.820990 0.134882 42.417770 0.775923 -0.569056 -0.272248 -0.000001 0.300268 -0.046380 0.952727 0.000000 0.000000 0.000000 0.000000 1.000000
-0.571905 -0.808815 0.136908 42.417763 0.763384 -0.585839 -0.272100 -0.000001 0.300285 -0.051102 0.952480 0.000002 0.000000 0.000000 0.000000 1.000000
-0.588023 -0.796854 0.138752 42.417767 0.751105 -0.601603 -0.271873 -0.000001 0.300117 -0.055650 0.952278 -0.000001 0.000000 0.000000 0.000000 1.000000
-0.603787 -0.784660 0.140533 42.417763 0.738568 -0.616989 -0.271742 0.000002 0.299932 -0.060281 0.952054 0.000000 0.000000 0.000000 0.000000 1.000000
-0.618814 -0.772562 0.142192 42.417767 0.726132 -0.631620 -0.271643 0.000002 0.299672 -0.064847 0.951836 0.000001 0.000000 0.000000 0.000000 1.000000
-0.633244 -0.760486 0.143749 42.417770 0.713715 -0.645637 -0.271596 -0.000001 0.299355 -0.069391 0.951616 -0.000001 0.000000 0.000000 0.000000 1.000000
-0.646203 -0.749236 0.145151 42.417763 0.702157 -0.658206 -0.271553 -0.000001 0.298997 -0.073560 0.951415 0.000001 0.000000 0.000000 0.000000 1.000000
-0.658632 -0.738089 0.146389 42.417767 0.690724 -0.670214 -0.271506 0.000000 0.298507 -0.077708 0.951239 -0.000000 0.000000 0.000000 0.000000 1.000000
-0.669406 -0.728093 0.147571 42.417770 0.680437 -0.680631 -0.271565 -0.000000 0.298166 -0.081375 0.951040 -0.000000 0.000000 0.000000 0.000000 1.000000
-0.679225 -0.718735 0.148572 42.417763 0.670827 -0.690092 -0.271597 0.000003 0.297734 -0.084810 0.950874 -0.000001 0.000000 0.000000 0.000000 1.000000
-0.687752 -0.710400 0.149430 42.417770 0.662269 -0.698293 -0.271639 -0.000001 0.297318 -0.087858 0.950728 0.000000 0.000000 0.000000 0.000000 1.000000
-0.694914 -0.703244 0.150142 42.417767 0.654923 -0.705170 -0.271685 0.000001 0.296936 -0.090466 0.950603 0.000000 0.000000 0.000000 0.000000 1.000000
-0.700635 -0.697423 0.150707 42.417767 0.648948 -0.710655 -0.271728 -0.000001 0.296610 -0.092582 0.950501 0.000001 0.000000 0.000000 0.000000 1.000000
-0.704836 -0.693088 0.151117 42.417770 0.644500 -0.714678 -0.271764 0.000002 0.296356 -0.094154 0.950426 0.000002 0.000000 0.000000 0.000000 1.000000
-0.707664 -0.690142 0.151382 42.417767 0.641476 -0.717380 -0.271800 0.000002 0.296179 -0.095235 0.950373 -0.000001 0.000000 0.000000 0.000000 1.000000
-0.709143 -0.688565 0.151644 42.417770 0.639748 -0.718798 -0.272126 0.000003 0.296377 -0.095962 0.950238 0.000002 0.000000 0.000000 0.000000 1.000000
-0.559083 -0.816379 0.144746 42.417770 0.772576 -0.576322 -0.266419 0.000001 0.300920 -0.037123 0.952927 -0.000002 0.000000 0.000000 0.000000 1.000000
-0.365662 -0.921741 0.129174 42.417763 0.882855 -0.387435 -0.265446 0.000001 0.294718 0.016978 0.955434 0.000001 0.000000 0.000000 0.000000 1.000000
-0.359346 -0.924521 0.127012 42.417770 0.885459 -0.380765 -0.266425 0.000001 0.294677 0.016725 0.955451 -0.000001 0.000000 0.000000 0.000000 1.000000
-0.354541 -0.926649 0.124989 42.417767 0.887382 -0.375582 -0.267379 -0.000000 0.294710 0.016116 0.955451 0.000001 0.000000 0.000000 0.000000 1.000000
-0.351095 -0.928213 0.123102 42.417770 0.888720 -0.371740 -0.268303 0.000003 0.294804 0.015204 0.955437 0.000001 0.000000 0.000000 0.000000 1.000000
-0.349185 -0.929154 0.121423 42.417763 0.889288 -0.369435 -0.269605 -0.000001 0.295362 0.013839 0.955286 0.000001 0.000000 0.000000 0.000000 1.000000
-0.347691 -0.929933 0.119732 42.417763 0.889950 -0.367511 -0.270045 0.000002 0.295127 0.012664 0.955375 0.000001 0.000000 0.000000 0.000000 1.000000
-0.347437 -0.930219 0.118243 42.417770 0.889982 -0.366838 -0.270857 -0.000000 0.295333 0.011128 0.955330 -0.000001 0.000000 0.000000 0.000000 1.000000
-0.348265 -0.930078 0.116904 42.417770 0.889562 -0.367243 -0.271684 -0.000001 0.295620 0.009375 0.955260 0.000000 0.000000 0.000000 0.000000 1.000000
-0.349112 -0.929918 0.115644 42.417767 0.889177 -0.367685 -0.272348 -0.000001 0.295782 0.007748 0.955224 0.000001 0.000000 0.000000 0.000000 1.000000
-0.351048 -0.929315 0.114624 42.417770 0.888121 -0.369243 -0.273683 0.000000 0.296662 0.005724 0.954966 -0.000000 0.000000 0.000000 0.000000 1.000000
-0.353088 -0.928682 0.113490 42.417774 0.887496 -0.370855 -0.273528 0.000001 0.296109 0.004143 0.955146 0.000001 0.000000 0.000000 0.000000 1.000000
-0.355233 -0.927956 0.112726 42.417767 0.886382 -0.372682 -0.274655 0.000001 0.296879 0.002352 0.954913 -0.000000 0.000000 0.000000 0.000000 1.000000
-0.357365 -0.927237 0.111902 42.417770 0.885611 -0.374474 -0.274707 -0.000001 0.296622 0.000931 0.954995 -0.000001 0.000000 0.000000 0.000000 1.000000
-0.359694 -0.926413 0.111262 42.417770 0.884612 -0.376509 -0.275144 -0.000001 0.296789 -0.000544 0.954943 -0.000001 0.000000 0.000000 0.000000 1.000000
-0.361880 -0.925624 0.110741 42.417767 0.883672 -0.378440 -0.275513 -0.000000 0.296930 -0.001843 0.954898 0.000000 0.000000 0.000000 0.000000 1.000000
-0.363801 -0.924919 0.110339 42.417763 0.882844 -0.380154 -0.275808 -0.000001 0.297045 -0.002927 0.954859 0.000002 0.000000 0.000000 0.000000 1.000000
-0.365332 -0.924349 0.110053 42.417770 0.882183 -0.381530 -0.276024 -0.000002 0.297131 -0.003753 0.954830 0.000001 0.000000 0.000000 0.000000 1.000000
-0.366350 -0.923966 0.109885 42.417767 0.881742 -0.382451 -0.276157 0.000000 0.297185 -0.004280 0.954811 0.000000 0.000000 0.000000 0.000000 1.000000
-0.366717 -0.923827 0.109828 42.417767 0.881583 -0.382784 -0.276202 0.000001 0.297204 -0.004465 0.954804 0.000000 0.000000 0.000000 0.000000 1.000000</float_array><technique_common><accessor source="#LLegAnkle-Matrix-animation-output-transform-array" count="51" stride="16"><param type="float4x4"/></accessor></technique_common></source><source id="LLegAnkle-Interpolations"><Name_array id="LLegAnkle-Interpolations-array" count="51">
 LINEAR LINEAR LINEAR LINEAR LINEAR LINEAR LINEAR LINEAR LINEAR LINEAR LINEAR
LINEAR LINEAR LINEAR LINEAR LINEAR LINEAR LINEAR LINEAR LINEAR LINEAR LINEAR LINEAR
LINEAR LINEAR LINEAR LINEAR LINEAR LINEAR LINEAR LINEAR LINEAR LINEAR LINEAR LINEAR
LINEAR LINEAR LINEAR LINEAR LINEAR LINEAR LINEAR LINEAR LINEAR LINEAR LINEAR LINEAR
