<?xml version="1.0" encoding="utf-8"?>
<COLLADA xmlns="http://www.collada.org/2005/11/COLLADASchema" version="1.4.1">
  <asset><contributor><author></author><authoring_tool>FBX COLLADA exporter</authoring_tool><comments></comments></contributor><created>2015-05-01T22:32:46Z</created><keywords></keywords><modified>2015-05-01T22:32:46Z</modified><revision></revision><subject></subject><title></title><unit meter="1.000000" name="centimeter"></unit><up_axis>Y_UP</up_axis></asset>
  <library_animations>
    <animation id="DroidControl-anim" name="DroidControl"><animation><source id="DroidControl-Matrix-animation-input"><float_array id="DroidControl-Matrix-animation-input-array" count="0">
</float_array><technique_common><accessor source="#DroidControl-Matrix-animation-input-array" count="0"><param name="TIME" type="float"/></accessor></technique_common></source><source id="DroidControl-Matrix-animation-output-transform"><float_array id="DroidControl-Matrix-animation-output-transform-array" count="0">
</float_array><technique_common><accessor source="#DroidControl-Matrix-animation-output-transform-array" count="0" stride="16"><param type="float4x4"/></accessor></technique_common></source><source id="DroidControl-Interpolations"><Name_array id="DroidControl-Interpolations-array" count="0">
</Name_array><technique_common><accessor source="#DroidControl-Interpolations-array" count="0"><param type="name"/></accessor></technique_common></source><sampler id="DroidControl-Matrix-animation-transform"><input semantic="INPUT" source="#DroidControl-Matrix-animation-input"/><input semantic="OUTPUT" source="#DroidControl-Matrix-animation-output-transform"/><input semantic="INTERPOLATION" source="#DroidControl-Interpolations"/></sampler><channel source="#DroidControl-Matrix-animation-transform" target="DroidControl/matrix"/></animation></animation>
    <animation id="Pelvis-anim" name="Pelvis"><animation><source id="Pelvis-Matrix-animation-input"><float_array id="Pelvis-Matrix-animation-input-array" count="51">

0.000000 0.033333 0.066667 0.100000 0.133333 0.166667 0.200000 0.233333 0.266667 0.300000 0.333333 0.366667 0.400000 0.433333 0.466667 0.500000
0.533333 0.566667 0.600000 0.633333 0.666667 0.700000 0.733333 0.766667 0.800000 0.833333 0.866667 0.900000 0.933333 0.966667 1.000000 1.033333
1.066667 1.100000 1.133333 1.166667 1.200000 1.233333 1.266667 1.300000 1.333333 1.366667 1.400000 1.433333 1.466667 1.500000 1.533333 1.566667
1.600000 1.633333 1.666667</float_array><technique_common><accessor source="#Pelvis-Matrix-animation-input-array" count="51"><param name="TIME" type="float"/></accessor></technique_common></source><source id="Pelvis-Matrix-animation-output-transform"><float_array id="Pelvis-Matrix-animation-output-transform-array" count="816">

0.000000 -0.000000 1.000000 -0.000000 1.000000 0.000000 -0.000000 62.938950 0.000000 1.000000 0.000000 2.702183 0.000000 0.000000 0.000000 1.000000
0.000000 0.000095 1.000000 0.264744 1.000000 -0.000000 -0.000000 62.939556 0.000000 1.000000 -0.000095 2.467508 0.000000 0.000000 0.000000 1.000000
0.000000 0.000342 1.000000 0.990654 1.000000 -0.000000 -0.000000 62.943172 0.000000 1.000000 -0.000342 1.824046 0.000000 0.000000 0.000000 1.000000
0.000311 0.000685 1.000000 2.075248 0.999998 0.001743 -0.000312 62.952473 -0.001743 0.999998 -0.000685 0.862637 0.000000 0.000000 0.000000 1.000000
0.001243 0.001068 0.999999 3.416047 0.999991 0.004007 -0.001247 62.970142 -0.004008 0.999991 -0.001063 -0.325876 0.000000 0.000000 0.000000 1.000000
0.003558 0.001441 0.999993 4.910567 0.999966 0.007378 -0.003568 62.998867 -0.007383 0.999972 -0.001414 -1.650651 0.000000 0.000000 0.000000 1.000000
0.008191 0.001760 0.999965 6.456328 0.999900 0.011539 -0.008210 63.041328 -0.011553 0.999932 -0.001666 -3.020847 0.000000 0.000000 0.000000 1.000000
0.016112 0.001991 0.999868 7.950849 0.999747 0.015657 -0.016141 63.100208 -0.015687 0.999875 -0.001738 -4.345623 0.000000 0.000000 0.000000 1.000000
0.028062 0.002085 0.999604 9.291647 0.999437 0.018360 -0.028096 63.178185 -0.018411 0.999829 -0.001568 -5.534135 0.000000 0.000000 0.000000 1.000000
0.044284 0.001938 0.999017 10.376241 0.998858 0.017868 -0.044312 63.277950 -0.017936 0.999838 -0.001144 -6.495543 0.000000 0.000000 0.000000 1.000000
0.064343 0.001347 0.997927 11.102152 0.997851 0.012289 -0.064355 63.402180 -0.012350 0.999924 -0.000554 -7.139006 0.000000 0.000000 0.000000 1.000000
0.087156 0.000000 0.996195 11.366895 0.996195 0.000000 -0.087156 63.553558 -0.000000 1.000000 0.000000 -7.373680 0.000000 0.000000 0.000000 1.000000
0.133742 -0.005052 0.991003 9.317868 0.990360 -0.035696 -0.133837 63.871754 0.036051 0.999350 0.000229 -4.496240 0.000000 0.000000 0.000000 1.000000
0.183374 -0.019436 0.982851 4.431727 0.974161 -0.130501 -0.184334 64.390678 0.131846 0.991258 -0.004996 2.365351 0.000000 0.000000 0.000000 1.000000
0.175397 -0.036415 0.983824 -1.400120 0.947367 -0.265616 -0.178729 64.954407 0.267828 0.963391 -0.012090 10.554993 0.000000 0.000000 0.000000 1.000000
0.114167 -0.039024 0.992695 -6.286263 0.919014 -0.375373 -0.120450 65.406998 0.377331 0.926052 -0.006992 17.416586 0.000000 0.000000 0.000000 1.000000
0.075351 -0.034865 0.996547 -8.335288 0.905653 -0.415812 -0.083026 65.592514 0.417271 0.908782 0.000244 20.294025 0.000000 0.000000 0.000000 1.000000
0.078307 -0.035392 0.996301 -8.314081 0.906125 -0.414191 -0.085933 65.585762 0.415700 0.909502 -0.000364 20.249268 0.000000 0.000000 0.000000 1.000000
0.086828 -0.036873 0.995541 -8.252155 0.907496 -0.409337 -0.094310 65.566048 0.410989 0.911638 -0.002080 20.118572 0.000000 0.000000 0.000000 1.000000
0.100241 -0.039074 0.994196 -8.152058 0.909692 -0.401132 -0.107486 65.534180 0.403004 0.915186 -0.004664 19.907312 0.000000 0.000000 0.000000 1.000000
0.117690 -0.041676 0.992176 -8.016332 0.912630 -0.389332 -0.124608 65.490974 0.391479 0.920154 -0.007786 19.620859 0.000000 0.000000 0.000000 1.000000
0.138159 -0.044286 0.989419 -7.847522 0.916219 -0.373651 -0.144662 65.437233 0.376104 0.926511 -0.011048 19.264582 0.000000 0.000000 0.000000 1.000000
0.160495 -0.046478 0.985942 -7.648174 0.920365 -0.353845 -0.166500 65.373772 0.356609 0.934149 -0.014014 18.843853 0.000000 0.000000 0.000000 1.000000
0.183439 -0.047829 0.981867 -7.420833 0.924970 -0.329784 -0.188874 65.301392 0.332838 0.942844 -0.016255 18.364044 0.000000 0.000000 0.000000 1.000000
0.205678 -0.047978 0.977443 -7.168043 0.929935 -0.301527 -0.210482 65.220917 0.304824 0.952250 -0.017401 17.830523 0.000000 0.000000 0.000000 1.000000
0.225903 -0.046678 0.973031 -6.892349 0.935163 -0.269361 -0.230033 65.133148 0.272834 0.961907 -0.017197 17.248665 0.000000 0.000000 0.000000 1.000000
0.242881 -0.043847 0.969065 -6.596296 0.940559 -0.233832 -0.246317 65.038902 0.237399 0.971288 -0.015553 16.623837 0.000000 0.000000 0.000000 1.000000
0.255538 -0.039591 0.965988 -6.282429 0.946030 -0.195747 -0.258282 64.938980 0.199315 0.979855 -0.012567 15.961412 0.000000 0.000000 0.000000 1.000000
0.263033 -0.034204 0.964180 -5.953292 0.951492 -0.156137 -0.265110 64.834198 0.159612 0.987143 -0.008524 15.266762 0.000000 0.000000 0.000000 1.000000
0.264822 -0.028130 0.963887 -5.611432 0.956864 -0.116207 -0.266284 64.725365 0.119501 0.992827 -0.003858 14.545256 0.000000 0.000000 0.000000 1.000000
0.260708 -0.021890 0.965170 -5.259392 0.962073 -0.077255 -0.261623 64.613297 0.080291 0.996771 0.000919 13.802266 0.000000 0.000000 0.000000 1.000000
0.250857 -0.016005 0.967892 -4.899717 0.967056 -0.040575 -0.251311 64.498787 0.043294 0.999048 0.005299 13.043163 0.000000 0.000000 0.000000 1.000000
0.235788 -0.010905 0.971743 -4.534953 0.971756 -0.007365 -0.235874 64.382668 0.009729 0.999913 0.008860 12.273319 0.000000 0.000000 0.000000 1.000000
0.216329 -0.006873 0.976296 -4.167644 0.976128 0.021368 -0.216142 64.265732 -0.019376 0.999748 0.011332 11.498104 0.000000 0.000000 0.000000 1.000000
0.193545 -0.004013 0.981083 -3.800335 0.980137 0.044883 -0.193175 64.148796 -0.043259 0.998984 0.012620 10.722888 0.000000 0.000000 0.000000 1.000000
0.168648 -0.002259 0.985674 -3.435571 0.983757 0.062756 -0.168176 64.032677 -0.061477 0.998026 0.012806 9.953044 0.000000 0.000000 0.000000 1.000000
0.142896 -0.001413 0.989737 -3.075896 0.986973 0.074893 -0.142390 63.918171 -0.073923 0.997191 0.012097 9.193941 0.000000 0.000000 0.000000 1.000000
0.117492 -0.001207 0.993073 -2.723856 0.989780 0.081527 -0.117003 63.806099 -0.080821 0.996670 0.010774 8.450953 0.000000 0.000000 0.000000 1.000000
0.093496 -0.001362 0.995619 -2.381996 0.992181 0.083169 -0.093059 63.697266 -0.082678 0.996535 0.009127 7.729446 0.000000 0.000000 0.000000 1.000000
0.071757 -0.001639 0.997421 -2.052860 0.994191 0.080551 -0.071392 63.592484 -0.080226 0.996749 0.007410 7.034796 0.000000 0.000000 0.000000 1.000000
0.052870 -0.001869 0.998600 -1.738992 0.995830 0.074549 -0.052584 63.492561 -0.074346 0.997216 0.005803 6.372371 0.000000 0.000000 0.000000 1.000000
0.037163 -0.001960 0.999307 -1.442940 0.997128 0.066103 -0.036952 63.398315 -0.065985 0.997811 0.004411 5.747545 0.000000 0.000000 0.000000 1.000000
0.024703 -0.001886 0.999693 -1.167246 0.998121 0.056145 -0.024559 63.310547 -0.056081 0.998421 0.003269 5.165685 0.000000 0.000000 0.000000 1.000000
0.015336 -0.001672 0.999881 -0.914456 0.998846 0.045537 -0.015244 63.230068 -0.045506 0.998961 0.002369 4.632165 0.000000 0.000000 0.000000 1.000000
0.008727 -0.001366 0.999961 -0.687114 0.999349 0.035031 -0.008674 63.157696 -0.035018 0.999385 0.001671 4.152354 0.000000 0.000000 0.000000 1.000000
0.004420 -0.001022 0.999990 -0.487766 0.999672 0.025242 -0.004393 63.094231 -0.025237 0.999681 0.001134 3.731626 0.000000 0.000000 0.000000 1.000000
0.001896 -0.000689 0.999998 -0.318956 0.999860 0.016649 -0.001884 63.040489 -0.016648 0.999861 0.000721 3.375348 0.000000 0.000000 0.000000 1.000000
0.000626 -0.000402 1.000000 -0.183231 0.999954 0.009606 -0.000623 62.997280 -0.009605 0.999954 0.000408 3.088896 0.000000 0.000000 0.000000 1.000000
0.000129 -0.000184 1.000000 -0.083132 0.999990 0.004366 -0.000128 62.965416 -0.004366 0.999990 0.000184 2.877634 0.000000 0.000000 0.000000 1.000000
0.000000 -0.000047 1.000000 -0.021207 1.000000 -0.000000 -0.000000 62.945702 0.000000 1.000000 0.000047 2.746940 0.000000 0.000000 0.000000 1.000000
0.000000 -0.000000 1.000000 -0.000000 1.000000 -0.000000 -0.000000 62.938950 0.000000 1.000000 0.000000 2.702183 0.000000 0.000000 0.000000 1.000000</float_array><technique_common><accessor source="#Pelvis-Matrix-animation-output-transform-array" count="51" stride="16"><param type="float4x4"/></accessor></technique_common></source><source id="Pelvis-Interpolations"><Name_array id="Pelvis-Interpolations-array" count="51">
 LINEAR LINEAR LINEAR LINEAR LINEAR LINEAR LINEAR LINEAR LINEAR LINEAR LINEAR
LINEAR LINEAR LINEAR LINEAR LINEAR LINEAR LINEAR LINEAR LINEAR LINEAR LINEAR LINEAR
LINEAR LINEAR LINEAR LINEAR LINEAR LINEAR LINEAR LINEAR LINEAR LINEAR LINEAR LINEAR
LINEAR LINEAR LINEAR LINEAR LINEAR LINEAR LINEAR LINEAR LINEAR LINEAR LINEAR LINEAR
LINEAR LINEAR LINEAR LINEAR</Name_array><technique_common><accessor source="#Pelvis-Interpolations-array" count="51"><param type="name"/></accessor></technique_common></source><sampler id="Pelvis-Matrix-animation-transform"><input semantic="INPUT" source="#Pelvis-Matrix-animation-input"/><input semantic="OUTPUT" source="#Pelvis-Matrix-animation-output-transform"/><input semantic="INTERPOLATION" source="#Pelvis-Interpolations"/></sampler><channel source="#Pelvis-Matrix-animation-transform" target="Pelvis/matrix"/></animation></animation>
    <animation id="LLeg1-anim" name="LLeg1"><animation><source id="LLeg1-Matrix-animation-input"><float_array id="LLeg1-Matrix-animation-input-array" count="51">

0.000000 0.033333 0.066667 0.100000 0.133333 0.166667 0.200000 0.233333 0.266667 0.300000 0.333333 0.366667 0.400000 0.433333 0.466667 0.500000
0.533333 0.566667 0.600000 0.633333 0.666667 0.700000 0.733333 0.766667 0.800000 0.833333 0.866667 0.900000 0.933333 0.966667 1.000000 1.033333
1.066667 1.100000 1.133333 1.166667 1.200000 1.233333 1.266667 1.300000 1.333333 1.366667 1.400000 1.433333 1.466667 1.500000 1.533333 1.566667
1.600000 1.633333 1.666667</float_array><technique_common><accessor source="#LLeg1-Matrix-animation-input-array" count="51"><param name="TIME" type="float"/></accessor></technique_common></source><source id="LLeg1-Matrix-animation-output-transform"><float_array id="LLeg1-Matrix-animation-output-transform-array" count="816">

-0.907954 0.402057 -0.118192 0.000000 0.354163 0.886948 0.296466 -0.000000 0.224026 0.227318 -0.947701 7.451146 0.000000 0.000000 0.000000 1.000000
-0.906763 0.406113 -0.113374 0.000000 0.358988 0.884625 0.297600 -0.000000 0.221153 0.229153 -0.947934 7.451146 0.000000 0.000000 0.000000 1.000000
-0.903577 0.416553 -0.100158 0.000000 0.371610 0.878371 0.300617 -0.000000 0.213199 0.234411 -0.948471 7.451145 0.000000 0.000000 0.000000 1.000000
-0.898945 0.430587 -0.080578 0.000000 0.389068 0.869311 0.304836 -0.000001 0.201306 0.242680 -0.948990 7.451145 0.000000 0.000000 0.000000 1.000000
-0.893409 0.445630 -0.056867 0.000000 0.408576 0.858626 0.309561 -0.000000 0.186778 0.253330 -0.949177 7.451145 0.000000 0.000000 0.000000 1.000000
-0.887468 0.459786 -0.031576 -0.000004 0.427892 0.847482 0.314138 -0.000001 0.171196 0.265277 -0.948851 7.451145 0.000000 0.000000 0.000000 1.000000
-0.881468 0.472185 -0.007456 0.000004 0.445591 0.836845 0.318023 -0.000000 0.156405 0.277005 -0.948053 7.451146 0.000000 0.000000 0.000000 1.000000
-0.875487 0.483072 0.012793 0.000004 0.461165 0.827289 0.320812 0.000000 0.144392 0.286767 -0.947056 7.451146 0.000000 0.000000 0.000000 1.000000
-0.869262 0.493622 0.026832 0.000000 0.474959 0.818882 0.322252 -0.000001 0.137099 0.292866 -0.946273 7.451148 0.000000 0.000000 0.000000 1.000000
-0.862212 0.505475 0.032928 0.000000 0.487902 0.811246 0.322230 -0.000000 0.136166 0.293896 -0.946088 7.451145 0.000000 0.000000 0.000000 1.000000
-0.853559 0.520131 0.030015 0.000000 0.501068 0.803765 0.320769 -0.000000 0.142717 0.288835 -0.946681 7.451147 0.000000 0.000000 0.000000 1.000000
-0.842560 0.538316 0.017533 0.000008 0.515139 0.795927 0.318012 -0.000001 0.157236 0.276976 -0.947924 7.451145 0.000000 0.000000 0.000000 1.000000
-0.831844 0.551682 -0.060687 0.000000 0.510299 0.803243 0.307240 -0.000000 0.218245 0.224607 -0.949695 7.451144 0.000000 0.000000 0.000000 1.000000
-0.821192 0.540096 -0.184228 0.000000 0.480190 0.828440 0.288280 0.000000 0.308321 0.148268 -0.939656 7.451145 0.000000 0.000000 0.000000 1.000000
-0.841763 0.477422 -0.251997 0.000000 0.409624 0.868901 0.277883 -0.000001 0.351628 0.130688 -0.926973 7.451146 0.000000 0.000000 0.000000 1.000000
-0.905867 0.344910 -0.245849 0.000000 0.274730 0.920232 0.278741 0.000000 0.322379 0.184960 -0.928365 7.451146 0.000000 0.000000 0.000000 1.000000
-0.948186 0.221760 -0.227522 0.000000 0.154206 0.947329 0.280694 0.000000 0.277785 0.231065 -0.932440 7.451147 0.000000 0.000000 0.000000 1.000000
-0.946562 0.225503 -0.230580 0.000000 0.157330 0.946950 0.280239 0.000000 0.281543 0.228987 -0.931825 7.451148 0.000000 0.000000 0.000000 1.000000
-0.941908 0.235574 -0.239401 0.000008 0.165694 0.945922 0.278885 0.000000 0.292153 0.223017 -0.930005 7.451145 0.000000 0.000000 0.000000 1.000000
-0.934649 0.249529 -0.253308 0.000000 0.177189 0.944502 0.276624 -0.000002 0.308276 0.213663 -0.926991 7.451145 0.000000 0.000000 0.000000 1.000000
-0.925331 0.264715 -0.271454 0.000000 0.189570 0.943031 0.273414 0.000000 0.328367 0.201539 -0.922798 7.451146 0.000000 0.000000 0.000000 1.000000
-0.914603 0.278832 -0.292839 0.000000 0.200956 0.941885 0.269200 0.000002 0.350882 0.187364 -0.917483 7.451145 0.000000 0.000000 0.000000 1.000000
-0.903199 0.290125 -0.316319 0.000000 0.209962 0.941410 0.263936 0.000000 0.374361 0.171972 -0.911196 7.451145 0.000000 0.000000 0.000000 1.000000
-0.891907 0.297423 -0.340648 0.000008 0.215691 0.941866 0.257617 -0.000004 0.397466 0.156296 -0.904208 7.451146 0.000000 0.000000 0.000000 1.000000
-0.881513 0.300108 -0.364513 0.000000 0.217662 0.943380 0.250318 -0.000000 0.418997 0.141318 -0.896923 7.451145 0.000000 0.000000 0.000000 1.000000
-0.872739 0.298085 -0.386616 -0.000000 0.215774 0.945921 0.242231 0.000000 0.437913 0.127983 -0.889860 7.451145 0.000000 0.000000 0.000000 1.000000
-0.866183 0.291724 -0.405739 0.000000 0.210255 0.949307 0.233686 -0.000002 0.453343 0.117106 -0.883609 7.451144 0.000000 0.000000 0.000000 1.000000
-0.862266 0.281775 -0.420833 0.000000 0.201616 0.953235 0.225152 -0.000001 0.464595 0.109294 -0.878752 7.451145 0.000000 0.000000 0.000000 1.000000
-0.861201 0.269275 -0.431073 0.000000 0.190613 0.957335 0.217201 -0.000001 0.471169 0.104886 -0.875784 7.451145 0.000000 0.000000 0.000000 1.000000
-0.862987 0.255413 -0.435910 -0.000004 0.178183 0.961228 0.210457 0.000000 0.472762 0.103950 -0.875037 7.451147 0.000000 0.000000 0.000000 1.000000
-0.867416 0.241434 -0.435085 0.000004 0.165397 0.964578 0.205507 0.000000 0.469290 0.106298 -0.876622 7.451144 0.000000 0.000000 0.000000 1.000000
-0.874100 0.228522 -0.428633 0.000000 0.153382 0.967127 0.202829 -0.000001 0.460894 0.111548 -0.880417 7.451147 0.000000 0.000000 0.000000 1.000000
-0.882509 0.217728 -0.416860 -0.000000 0.143241 0.968705 0.202712 -0.000001 0.447951 0.119184 -0.886078 7.451145 0.000000 0.000000 0.000000 1.000000
-0.892015 0.209905 -0.400310 0.000000 0.135977 0.969224 0.205219 -0.000001 0.431067 0.128626 -0.893105 7.451147 0.000000 0.000000 0.000000 1.000000
-0.901944 0.205683 -0.379725 0.000004 0.132412 0.968656 0.210173 0.000000 0.411052 0.139284 -0.900908 7.451145 0.000000 0.000000 0.000000 1.000000
-0.911624 0.205444 -0.355999 0.000000 0.133113 0.967012 0.217185 -0.000001 0.388874 0.150603 -0.908898 7.451145 0.000000 0.000000 0.000000 1.000000
-0.920436 0.209323 -0.330123 0.000004 0.138349 0.964320 0.225713 -0.000000 0.365591 0.162082 -0.916554 7.451143 0.000000 0.000000 0.000000 1.000000
-0.927861 0.217224 -0.303129 -0.000004 0.148075 0.960617 0.235136 -0.000001 0.342268 0.173288 -0.923484 7.451146 0.000000 0.000000 0.000000 1.000000
-0.933514 0.228825 -0.276025 0.000000 0.161929 0.955947 0.244835 -0.000000 0.319890 0.183860 -0.929443 7.451145 0.000000 0.000000 0.000000 1.000000
-0.937167 0.243612 -0.249740 0.000004 0.179289 0.950373 0.254259 0.000000 0.299287 0.193508 -0.934334 7.451145 0.000000 0.000000 0.000000 1.000000
-0.938758 0.260913 -0.225070 -0.000000 0.199318 0.943989 0.262976 0.000000 0.281077 0.202011 -0.938182 7.451146 0.000000 0.000000 0.000000 1.000000
-0.938388 0.279942 -0.202631 0.000000 0.221057 0.936940 0.270697 -0.000002 0.265632 0.209226 -0.941097 7.451146 0.000000 0.000000 0.000000 1.000000
-0.936298 0.299855 -0.182846 -0.000000 0.243505 0.929422 0.277273 -0.000001 0.253082 0.215086 -0.943232 7.451146 0.000000 0.000000 0.000000 1.000000
-0.932844 0.319791 -0.165938 0.000000 0.265683 0.921688 0.282674 -0.000000 0.243339 0.219604 -0.944754 7.451146 0.000000 0.000000 0.000000 1.000000
-0.928459 0.338936 -0.151940 -0.000004 0.286707 0.914030 0.286964 -0.000000 0.236140 0.222872 -0.945814 7.451146 0.000000 0.000000 0.000000 1.000000
-0.923619 0.356538 -0.140743 0.000004 0.305803 0.906771 0.290260 0.000000 0.231111 0.225050 -0.946541 7.451145 0.000000 0.000000 0.000000 1.000000
-0.918800 0.371953 -0.132126 -0.000000 0.322344 0.900233 0.292704 -0.000000 0.227816 0.226347 -0.947030 7.451146 0.000000 0.000000 0.000000 1.000000
-0.914458 0.384629 -0.125802 0.000000 0.335821 0.894723 0.294442 -0.000000 0.225809 0.227008 -0.947352 7.451145 0.000000 0.000000 0.000000 1.000000
-0.910995 0.394109 -0.121515 0.000000 0.345825 0.890523 0.295591 -0.000001 0.224707 0.227260 -0.947554 7.451145 0.000000 0.000000 0.000000 1.000000
-0.908741 0.400023 -0.119041 0.000000 0.352029 0.887871 0.296244 -0.000000 0.224198 0.227304 -0.947664 7.451145 0.000000 0.000000 0.000000 1.000000
-0.907954 0.402057 -0.118192 0.000000 0.354163 0.886948 0.296466 -0.000000 0.224026 0.227318 -0.947701 7.451146 0.000000 0.000000 0.000000 1.000000</float_array><technique_common><accessor source="#LLeg1-Matrix-animation-output-transform-array" count="51" stride="16"><param type="float4x4"/></accessor></technique_common></source><source id="LLeg1-Interpolations"><Name_array id="LLeg1-Interpolations-array" count="51">
 LINEAR LINEAR LINEAR LINEAR LINEAR LINEAR LINEAR LINEAR LINEAR LINEAR LINEAR
LINEAR LINEAR LINEAR LINEAR LINEAR LINEAR LINEAR LINEAR LINEAR LINEAR LINEAR LINEAR
LINEAR LINEAR LINEAR LINEAR LINEAR LINEAR LINEAR LINEAR LINEAR LINEAR LINEAR LINEAR
LINEAR LINEAR LINEAR LINEAR LINEAR LINEAR LINEAR LINEAR LINEAR LINEAR LINEAR LINEAR
LINEAR LINEAR LINEAR LINEAR</Name_array><technique_common><accessor source="#LLeg1-Interpolations-array" count="51"><param type="name"/></accessor></technique_common></source><sampler id="LLeg1-Matrix-animation-transform"><input semantic="INPUT" source="#LLeg1-Matrix-animation-input"/><input semantic="OUTPUT" source="#LLeg1-Matrix-animation-output-transform"/><input semantic="INTERPOLATION" source="#LLeg1-Interpolations"/></sampler><channel source="#LLeg1-Matrix-animation-transform" target="LLeg1/matrix"/></animation></animation>
    <animation id="LLeg2-anim" name="LLeg2"><animation><source id="LLeg2-Matrix-animation-input"><float_array id="LLeg2-Matrix-animation-input-array" count="51">

0.000000 0.033333 0.066667 0.100000 0.133333 0.166667 0.200000 0.233333 0.266667 0.300000 0.333333 0.366667 0.400000 0.433333 0.466667 0.500000
0.533333 0.566667 0.600000 0.633333 0.666667 0.700000 0.733333 0.766667 0.800000 0.833333 0.866667 0.900000 0.933333 0.966667 1.000000 1.033333
1.066667 1.100000 1.133333 1.166667 1.200000 1.233333 1.266667 1.300000 1.333333 1.366667 1.400000 1.433333 1.466667 1.500000 1.533333 1.566667
1.600000 1.633333 1.666667</float_array><technique_common><accessor source="#LLeg2-Matrix-animation-input-array" count="51"><param name="TIME" type="float"/></accessor></technique_common></source><source id="LLeg2-Matrix-animation-output-transform"><float_array id="LLeg2-Matrix-animation-output-transform-array" count="816">

0.500440 0.865243 -0.030267 30.975620 -0.865540 0.500808 0.005605 -0.000038 0.020008 0.023393 0.999526 0.000007 0.000000 0.000000 0.000000 1.000000
0.497482 0.866944 -0.030335 30.975622 -0.867242 0.497854 0.005722 -0.000040 0.020063 0.023461 0.999523 0.000005 0.000000 0.000000 0.000000 1.000000
0.490116 0.871125 -0.030471 30.975615 -0.871424 0.490494 0.005961 -0.000038 0.020139 0.023631 0.999518 0.000007 0.000000 0.000000 0.000000 1.000000
0.480473 0.876474 -0.030659 30.975616 -0.876775 0.480859 0.006300 -0.000040 0.020265 0.023854 0.999510 0.000009 0.000000 0.000000 0.000000 1.000000
0.470872 0.881663 -0.030842 30.975618 -0.881966 0.471267 0.006639 -0.000038 0.020388 0.024076 0.999502 0.000010 0.000000 0.000000 0.000000 1.000000
0.463315 0.885651 -0.031023 30.975611 -0.885955 0.463718 0.006967 -0.000038 0.020557 0.024257 0.999494 0.000007 0.000000 0.000000 0.000000 1.000000
0.457927 0.888447 -0.031079 30.975613 -0.888753 0.458333 0.007090 -0.000036 0.020544 0.024374 0.999492 0.000006 0.000000 0.000000 0.000000 1.000000
0.455725 0.889577 -0.031118 30.975618 -0.889883 0.456133 0.007167 -0.000038 0.020570 0.024425 0.999490 0.000011 0.000000 0.000000 0.000000 1.000000
0.456244 0.889311 -0.031100 30.975613 -0.889617 0.456651 0.007142 -0.000034 0.020553 0.024409 0.999491 0.000007 0.000000 0.000000 0.000000 1.000000
0.457085 0.888880 -0.031094 30.975615 -0.889186 0.457491 0.007121 -0.000038 0.020555 0.024394 0.999491 0.000004 0.000000 0.000000 0.000000 1.000000
0.458279 0.888265 -0.031073 30.975616 -0.888571 0.458685 0.007078 -0.000042 0.020540 0.024367 0.999492 0.000008 0.000000 0.000000 0.000000 1.000000
0.458384 0.888212 -0.031071 30.975615 -0.888517 0.458789 0.007075 -0.000038 0.020538 0.024364 0.999492 0.000006 0.000000 0.000000 0.000000 1.000000
0.456036 0.889418 -0.031113 30.975611 -0.889724 0.456444 0.007157 -0.000044 0.020567 0.024418 0.999490 0.000009 0.000000 0.000000 0.000000 1.000000
0.499313 0.865892 -0.030290 30.975615 -0.866190 0.499682 0.005644 -0.000034 0.020023 0.023419 0.999525 0.000008 0.000000 0.000000 0.000000 1.000000
0.641442 0.766703 -0.026820 30.975624 -0.766967 0.641687 0.000677 -0.000040 0.017729 0.020136 0.999640 0.000008 0.000000 0.000000 0.000000 1.000000
0.839451 0.543104 -0.018998 30.975620 -0.543291 0.839522 -0.006244 -0.000037 0.012559 0.015563 0.999800 0.000007 0.000000 0.000000 0.000000 1.000000
0.944017 0.329692 -0.011604 30.975609 -0.329806 0.943997 -0.009884 -0.000040 0.007696 0.013158 0.999884 0.000006 0.000000 0.000000 0.000000 1.000000
0.941400 0.337088 -0.011792 30.975613 -0.337204 0.941381 -0.009807 -0.000030 0.007795 0.013208 0.999882 0.000006 0.000000 0.000000 0.000000 1.000000
0.933503 0.358350 -0.012535 30.975616 -0.358474 0.933491 -0.009531 -0.000040 0.008286 0.013391 0.999876 0.000006 0.000000 0.000000 0.000000 1.000000
0.920827 0.389734 -0.013657 30.975613 -0.389868 0.920826 -0.009072 -0.000035 0.009040 0.013678 0.999866 0.000008 0.000000 0.000000 0.000000 1.000000
0.904187 0.426876 -0.014925 30.975616 -0.427023 0.904201 -0.008507 -0.000040 0.009864 0.014065 0.999852 0.000008 0.000000 0.000000 0.000000 1.000000
0.884510 0.466236 -0.016310 30.975613 -0.466397 0.884541 -0.007818 -0.000037 0.010781 0.014522 0.999837 0.000007 0.000000 0.000000 0.000000 1.000000
0.862059 0.506498 -0.017718 30.975605 -0.506673 0.862110 -0.007034 -0.000039 0.011712 0.015041 0.999818 0.000008 0.000000 0.000000 0.000000 1.000000
0.837757 0.545706 -0.019181 30.975613 -0.545895 0.837831 -0.006147 -0.000034 0.012716 0.015620 0.999797 0.000009 0.000000 0.000000 0.000000 1.000000
0.812259 0.582940 -0.020399 30.975601 -0.583140 0.812355 -0.005288 -0.000039 0.013489 0.016190 0.999778 0.000006 0.000000 0.000000 0.000000 1.000000
0.786970 0.616615 -0.021570 30.975615 -0.616827 0.787087 -0.004409 -0.000036 0.014259 0.016775 0.999758 0.000008 0.000000 0.000000 0.000000 1.000000
0.761742 0.647485 -0.022650 30.975616 -0.647708 0.761881 -0.003528 -0.000040 0.014972 0.017358 0.999737 0.000005 0.000000 0.000000 0.000000 1.000000
0.737410 0.675032 -0.023613 30.975616 -0.675265 0.737571 -0.002677 -0.000038 0.015609 0.017920 0.999718 0.000006 0.000000 0.000000 0.000000 1.000000
0.714070 0.699645 -0.024527 30.975613 -0.699885 0.714253 -0.001809 -0.000038 0.016253 0.018458 0.999697 0.000006 0.000000 0.000000 0.000000 1.000000
0.693048 0.720451 -0.025202 30.975626 -0.720699 0.693247 -0.001127 -0.000038 0.016659 0.018944 0.999682 0.000008 0.000000 0.000000 0.000000 1.000000
0.673516 0.738722 -0.025842 30.975622 -0.738976 0.673732 -0.000444 -0.000044 0.017082 0.019395 0.999666 0.000005 0.000000 0.000000 0.000000 1.000000
0.655879 0.754405 -0.026390 30.975616 -0.754665 0.656111 0.000172 -0.000040 0.017444 0.019803 0.999652 0.000008 0.000000 0.000000 0.000000 1.000000
0.640102 0.767821 -0.026859 30.975615 -0.768085 0.640348 0.000724 -0.000038 0.017755 0.020167 0.999639 0.000009 0.000000 0.000000 0.000000 1.000000
0.626062 0.779297 -0.027261 30.975613 -0.779565 0.626320 0.001214 -0.000034 0.018020 0.020491 0.999628 0.000007 0.000000 0.000000 0.000000 1.000000
0.613560 0.789166 -0.027606 30.975609 -0.789437 0.613829 0.001651 -0.000038 0.018248 0.020780 0.999617 0.000006 0.000000 0.000000 0.000000 1.000000
0.602358 0.797739 -0.027906 30.975613 -0.798013 0.602637 0.002042 -0.000036 0.018446 0.021039 0.999608 0.000006 0.000000 0.000000 0.000000 1.000000
0.592006 0.805439 -0.028236 30.975616 -0.805716 0.592297 0.002493 -0.000038 0.018732 0.021274 0.999598 0.000009 0.000000 0.000000 0.000000 1.000000
0.582782 0.812132 -0.028409 30.975616 -0.812412 0.583078 0.002727 -0.000034 0.018779 0.021491 0.999593 0.000004 0.000000 0.000000 0.000000 1.000000
0.573898 0.818427 -0.028630 30.975618 -0.818708 0.574202 0.003038 -0.000036 0.018926 0.021696 0.999585 0.000006 0.000000 0.000000 0.000000 1.000000
0.565067 0.824551 -0.028575 30.975616 -0.824833 0.565368 0.003113 -0.000036 0.018722 0.021811 0.999587 0.000008 0.000000 0.000000 0.000000 1.000000
0.556491 0.830346 -0.029049 30.975615 -0.830632 0.556810 0.003650 -0.000044 0.019206 0.022098 0.999571 0.000006 0.000000 0.000000 0.000000 1.000000
0.548765 0.835466 -0.029226 30.975615 -0.835754 0.549091 0.003916 -0.000038 0.019319 0.022277 0.999565 0.000005 0.000000 0.000000 0.000000 1.000000
0.540700 0.840701 -0.029408 30.975616 -0.840991 0.541033 0.004197 -0.000036 0.019439 0.022463 0.999559 0.000007 0.000000 0.000000 0.000000 1.000000
0.532886 0.845670 -0.029583 30.975613 -0.845961 0.533226 0.004471 -0.000044 0.019556 0.022643 0.999552 0.000006 0.000000 0.000000 0.000000 1.000000
0.525464 0.850296 -0.029744 30.975609 -0.850588 0.525811 0.004729 -0.000038 0.019661 0.022815 0.999546 0.000006 0.000000 0.000000 0.000000 1.000000
0.519035 0.854230 -0.029923 30.975615 -0.854524 0.519388 0.004961 -0.000034 0.019779 0.022995 0.999540 0.000009 0.000000 0.000000 0.000000 1.000000
0.512540 0.858139 -0.030021 30.975616 -0.858434 0.512898 0.005186 -0.000031 0.019848 0.023113 0.999536 0.000006 0.000000 0.000000 0.000000 1.000000
0.507504 0.861123 -0.030121 30.975616 -0.861419 0.507866 0.005353 -0.000038 0.019907 0.023230 0.999532 0.000006 0.000000 0.000000 0.000000 1.000000
0.503660 0.863374 -0.030203 30.975616 -0.863671 0.504026 0.005495 -0.000034 0.019967 0.023318 0.999529 0.000007 0.000000 0.000000 0.000000 1.000000
0.500905 0.864974 -0.030258 30.975613 -0.865271 0.501274 0.005589 -0.000038 0.020001 0.023382 0.999527 0.000008 0.000000 0.000000 0.000000 1.000000
0.500440 0.865243 -0.030267 30.975620 -0.865540 0.500808 0.005605 -0.000038 0.020008 0.023393 0.999526 0.000007 0.000000 0.000000 0.000000 1.000000</float_array><technique_common><accessor source="#LLeg2-Matrix-animation-output-transform-array" count="51" stride="16"><param type="float4x4"/></accessor></technique_common></source><source id="LLeg2-Interpolations"><Name_array id="LLeg2-Interpolations-array" count="51">
 LINEAR LINEAR LINEAR LINEAR LINEAR LINEAR LINEAR LINEAR LINEAR LINEAR LINEAR
LINEAR LINEAR LINEAR LINEAR LINEAR LINEAR LINEAR LINEAR LINEAR LINEAR LINEAR LINEAR
LINEAR LINEAR LINEAR LINEAR LINEAR LINEAR LINEAR LINEAR LINEAR LINEAR LINEAR LINEAR
LINEAR LINEAR LINEAR LINEAR LINEAR LINEAR LINEAR LINEAR LINEAR LINEAR LINEAR LINEAR
LINEAR LINEAR LINEAR LINEAR</Name_array><technique_common><accessor source="#LLeg2-Interpolations-array" count="51"><param type="name"/></accessor></technique_common></source><sampler id="LLeg2-Matrix-animation-transform"><input semantic="INPUT" source="#LLeg2-Matrix-animation-input"/><input semantic="OUTPUT" source="#LLeg2-Matrix-animation-output-transform"/><input semantic="INTERPOLATION" source="#LLeg2-Interpolations"/></sampler><channel source="#LLeg2-Matrix-animation-transform" target="LLeg2/matrix"/></animation></animation>
    <animation id="LLegAnkle-anim" name="LLegAnkle"><animation><source id="LLegAnkle-Matrix-animation-input"><float_array id="LLegAnkle-Matrix-animation-input-array" count="51">

0.000000 0.033333 0.066667 0.100000 0.133333 0.166667 0.200000 0.233333 0.266667 0.300000 0.333333 0.366667 0.400000 0.433333 0.466667 0.500000
0.533333 0.566667 0.600000 0.633333 0.666667 0.700000 0.733333 0.766667 0.800000 0.833333 0.866667 0.900000 0.933333 0.966667 1.000000 1.033333
1.066667 1.100000 1.133333 1.166667 1.200000 1.233333 1.266667 1.300000 1.333333 1.366667 1.400000 1.433333 1.466667 1.500000 1.533333 1.566667
1.600000 1.633333 1.666667</float_array><technique_common><accessor source="#LLegAnkle-Matrix-animation-input-array" count="51"><param name="TIME" type="float"/></accessor></technique_common></source><source id="LLegAnkle-Matrix-animation-output-transform"><float_array id="LLegAnkle-Matrix-animation-output-transform-array" count="816">

-0.518077 -0.848991 0.103980 42.417770 0.801977 -0.524421 -0.286035 0.000002 0.297370 -0.064799 0.952561 -0.000000 0.000000 0.000000 0.000000 1.000000
-0.515779 -0.849855 0.108253 42.417767 0.803110 -0.523625 -0.284310 0.000004 0.298306 -0.059702 0.952602 0.000003 0.000000 0.000000 0.000000 1.000000
-0.509806 -0.851939 0.119574 42.417763 0.806203 -0.521623 -0.279191 -0.000000 0.300226 -0.045932 0.952762 0.000000 0.000000 0.000000 0.000000 1.000000
-0.500296 -0.855047 0.136381 42.417763 0.811185 -0.517938 -0.271515 -0.000000 0.302794 -0.025208 0.952723 0.000000 0.000000 0.000000 0.000000 1.000000
-0.487502 -0.858912 0.156884 42.417770 0.817979 -0.512124 -0.261993 0.000000 0.305372 0.000606 0.952233 0.000000 0.000000 0.000000 0.000000 1.000000
-0.472391 -0.862941 0.179387 42.417774 0.826012 -0.504450 -0.251467 0.000003 0.307493 0.029385 0.951097 0.000001 0.000000 0.000000 0.000000 1.000000
-0.455113 -0.867181 0.202162 42.417759 0.835349 -0.494424 -0.240287 -0.000002 0.308326 0.059518 0.949418 0.000001 0.000000 0.000000 0.000000 1.000000
-0.437429 -0.870995 0.223659 42.417767 0.844888 -0.483237 -0.229451 -0.000002 0.307931 0.088598 0.947275 -0.000002 0.000000 0.000000 0.000000 1.000000
-0.421033 -0.874027 0.242507 42.417763 0.853558 -0.472235 -0.220077 -0.000002 0.306873 0.114334 0.944858 -0.000002 0.000000 0.000000 0.000000 1.000000
-0.406853 -0.876604 0.256975 42.417770 0.861622 -0.461699 -0.210812 -0.000000 0.303444 0.135645 0.943145 0.000001 0.000000 0.000000 0.000000 1.000000
-0.397734 -0.878056 0.266132 42.417774 0.866990 -0.454595 -0.204141 0.000003 0.300229 0.149540 0.942073 -0.000003 0.000000 0.000000 0.000000 1.000000
-0.394908 -0.878629 0.268437 42.417770 0.869455 -0.451819 -0.199772 -0.000000 0.296811 0.154502 0.942355 -0.000001 0.000000 0.000000 0.000000 1.000000
-0.438160 -0.868091 0.233311 42.417759 0.851405 -0.484037 -0.202037 0.000001 0.288318 0.110118 0.951182 -0.000001 0.000000 0.000000 0.000000 1.000000
-0.518714 -0.842287 0.146593 42.417767 0.813969 -0.538986 -0.216680 0.000001 0.261518 0.006927 0.965174 0.000000 0.000000 0.000000 0.000000 1.000000
-0.564654 -0.824433 0.038433 42.417770 0.796233 -0.556413 -0.237527 -0.000002 0.217210 -0.103519 0.970621 0.000000 0.000000 0.000000 0.000000 1.000000
-0.540658 -0.839199 -0.058606 42.417767 0.820928 -0.511104 -0.254658 -0.000001 0.183755 -0.185794 0.965254 -0.000000 0.000000 0.000000 0.000000 1.000000
-0.485724 -0.867060 -0.110817 42.417770 0.857054 -0.447480 -0.255383 -0.000001 0.171844 -0.219022 0.960469 -0.000001 0.000000 0.000000 0.000000 1.000000
-0.488350 -0.865732 -0.109648 42.417763 0.855572 -0.450263 -0.255460 -0.000000 0.171790 -0.218566 0.960582 -0.000002 0.000000 0.000000 0.000000 1.000000
-0.495654 -0.861946 -0.106663 42.417767 0.851638 -0.458243 -0.254416 0.000002 0.170415 -0.216940 0.961195 0.000001 0.000000 0.000000 0.000000 1.000000
-0.505391 -0.856771 -0.102589 42.417763 0.846428 -0.469119 -0.251969 -0.000000 0.167753 -0.214177 0.962283 0.000001 0.000000 0.000000 0.000000 1.000000
-0.517180 -0.850311 -0.097451 42.417767 0.839815 -0.482219 -0.249352 -0.000001 0.165034 -0.210801 0.963498 -0.000000 0.000000 0.000000 0.000000 1.000000
-0.530349 -0.842813 -0.091632 42.417763 0.832079 -0.496772 -0.246705 -0.000001 0.162406 -0.207084 0.964749 -0.000001 0.000000 0.000000 0.000000 1.000000
-0.542789 -0.835482 -0.085728 42.417763 0.824570 -0.510724 -0.243404 -0.000003 0.159576 -0.202806 0.966129 0.000001 0.000000 0.000000 0.000000 1.000000
-0.554396 -0.828414 -0.079848 42.417767 0.817350 -0.523881 -0.239766 -0.000001 0.156794 -0.198189 0.967542 -0.000001 0.000000 0.000000 0.000000 1.000000
-0.564405 -0.822208 -0.073637 42.417767 0.810721 -0.535289 -0.237059 0.000002 0.155494 -0.193497 0.968701 -0.000000 0.000000 0.000000 0.000000 1.000000
-0.574277 -0.815926 -0.066867 42.417767 0.803701 -0.546355 -0.235714 0.000001 0.155792 -0.189106 0.969520 0.000000 0.000000 0.000000 0.000000 1.000000
-0.581879 -0.811062 -0.059963 42.417770 0.797931 -0.555091 -0.234906 0.000002 0.157238 -0.184533 0.970167 0.000000 0.000000 0.000000 0.000000 1.000000
-0.587780 -0.807312 -0.052552 42.417763 0.792952 -0.562006 -0.235325 -0.000001 0.160446 -0.179991 0.970495 0.000000 0.000000 0.000000 0.000000 1.000000
-0.591240 -0.805244 -0.044916 42.417774 0.789473 -0.566480 -0.236291 0.000001 0.164827 -0.175165 0.970644 -0.000001 0.000000 0.000000 0.000000 1.000000
-0.594288 -0.803452 -0.035877 42.417770 0.785562 -0.570337 -0.240019 -0.000002 0.172381 -0.170824 0.970106 -0.000001 0.000000 0.000000 0.000000 1.000000
-0.594917 -0.803348 -0.026591 42.417767 0.783165 -0.571890 -0.244123 -0.000000 0.180909 -0.166058 0.969380 0.000001 0.000000 0.000000 0.000000 1.000000
-0.593898 -0.804366 -0.016769 42.417767 0.781588 -0.571885 -0.249136 -0.000002 0.190806 -0.161067 0.968324 0.000000 0.000000 0.000000 0.000000 1.000000
-0.591356 -0.806383 -0.006765 42.417770 0.780863 -0.570506 -0.254513 0.000002 0.201375 -0.155790 0.967046 -0.000001 0.000000 0.000000 0.000000 1.000000
-0.587518 -0.809203 0.003844 42.417767 0.780626 -0.568008 -0.260752 -0.000001 0.213185 -0.150196 0.965399 0.000000 0.000000 0.000000 0.000000 1.000000
-0.582582 -0.812647 0.014240 42.417770 0.781066 -0.564616 -0.266733 -0.000000 0.224801 -0.144271 0.963666 0.000001 0.000000 0.000000 0.000000 1.000000
-0.576828 -0.816501 0.024431 42.417767 0.781990 -0.560599 -0.272436 0.000001 0.236140 -0.138044 0.961864 -0.000001 0.000000 0.000000 0.000000 1.000000
-0.570312 -0.820726 0.033976 42.417767 0.783654 -0.556019 -0.277003 0.000002 0.246235 -0.131353 0.960268 0.000000 0.000000 0.000000 0.000000 1.000000
-0.563997 -0.824628 0.043553 42.417770 0.784886 -0.551714 -0.282076 -0.000000 0.256636 -0.124906 0.958404 -0.000001 0.000000 0.000000 0.000000 1.000000
-0.557462 -0.828556 0.052264 42.417770 0.786664 -0.547298 -0.285702 0.000001 0.265324 -0.118154 0.956893 -0.000000 0.000000 0.000000 0.000000 1.000000
-0.550476 -0.832640 0.060724 42.417767 0.788643 -0.542494 -0.289384 0.000000 0.273895 -0.111410 0.955285 -0.000001 0.000000 0.000000 0.000000 1.000000
-0.544427 -0.836099 0.067363 42.417770 0.791298 -0.538575 -0.289457 0.000003 0.278295 -0.104284 0.954818 0.000001 0.000000 0.000000 0.000000 1.000000
-0.539681 -0.838587 0.074277 42.417767 0.792551 -0.535837 -0.291106 0.000000 0.283918 -0.098236 0.953803 -0.000001 0.000000 0.000000 0.000000 1.000000
-0.535054 -0.840978 0.080451 42.417763 0.794160 -0.533165 -0.291626 0.000002 0.288145 -0.092145 0.953143 -0.000001 0.000000 0.000000 0.000000 1.000000
-0.530876 -0.843094 0.085815 42.417770 0.795849 -0.530784 -0.291366 0.000000 0.291198 -0.086384 0.952755 -0.000000 0.000000 0.000000 0.000000 1.000000
-0.527601 -0.844654 0.090537 42.417767 0.797192 -0.529116 -0.290727 0.000002 0.293468 -0.081213 0.952513 -0.000001 0.000000 0.000000 0.000000 1.000000
-0.524952 -0.845843 0.094735 42.417767 0.798177 -0.527880 -0.290270 0.000002 0.295532 -0.076762 0.952244 -0.000001 0.000000 0.000000 0.000000 1.000000
-0.522007 -0.847305 0.097895 42.417770 0.799884 -0.526148 -0.288712 0.000002 0.296134 -0.072405 0.952398 -0.000001 0.000000 0.000000 0.000000 1.000000
-0.520168 -0.848126 0.100540 42.417770 0.800822 -0.525263 -0.287722 -0.000001 0.296834 -0.069149 0.952423 0.000002 0.000000 0.000000 0.000000 1.000000
-0.518881 -0.848681 0.102486 42.417767 0.801497 -0.524679 -0.286906 -0.000000 0.297264 -0.066728 0.952461 -0.000001 0.000000 0.000000 0.000000 1.000000
-0.517579 -0.849348 0.103535 42.417763 0.802396 -0.523824 -0.285953 0.000000 0.297108 -0.064927 0.952634 -0.000001 0.000000 0.000000 0.000000 1.000000
-0.518077 -0.848991 0.103980 42.417770 0.801977 -0.524421 -0.286035 0.000002 0.297370 -0.064799 0.952561 -0.000000 0.000000 0.000000 0.000000 1.000000</float_array><technique_common><accessor source="#LLegAnkle-Matrix-animation-output-transform-array" count="51" stride="16"><param type="float4x4"/></accessor></technique_common></source><source id="LLegAnkle-Interpolations"><Name_array id="LLegAnkle-Interpolations-array" count="51">
 LINEAR LINEAR LINEAR LINEAR LINEAR LINEAR LINEAR LINEAR LINEAR LINEAR LINEAR
LINEAR LINEAR LINEAR LINEAR LINEAR LINEAR LINEAR LINEAR LINEAR LINEAR LINEAR LINEAR
LINEAR LINEAR LINEAR LINEAR LINEAR LINEAR LINEAR LINEAR LINEAR LINEAR LINEAR LINEAR
