<?xml version="1.0" encoding="utf-8"?>
<COLLADA xmlns="http://www.collada.org/2005/11/COLLADASchema" version="1.4.1">
  <asset><contributor><author></author><authoring_tool>FBX COLLADA exporter</authoring_tool><comments></comments></contributor><created>2015-05-01T22:32:48Z</created><keywords></keywords><modified>2015-05-01T22:32:48Z</modified><revision></revision><subject></subject><title></title><unit meter="1.000000" name="centimeter"></unit><up_axis>Y_UP</up_axis></asset>
  <library_animations>
    <animation id="DroidControl-anim" name="DroidControl"><animation><source id="DroidControl-Matrix-animation-input"><float_array id="DroidControl-Matrix-animation-input-array" count="0">
</float_array><technique_common><accessor source="#DroidControl-Matrix-animation-input-array" count="0"><param name="TIME" type="float"/></accessor></technique_common></source><source id="DroidControl-Matrix-animation-output-transform"><float_array id="DroidControl-Matrix-animation-output-transform-array" count="0">
</float_array><technique_common><accessor source="#DroidControl-Matrix-animation-output-transform-array" count="0" stride="16"><param type="float4x4"/></accessor></technique_common></source><source id="DroidControl-Interpolations"><Name_array id="DroidControl-Interpolations-array" count="0">
</Name_array><technique_common><accessor source="#DroidControl-Interpolations-array" count="0"><param type="name"/></accessor></technique_common></source><sampler id="DroidControl-Matrix-animation-transform"><input semantic="INPUT" source="#DroidControl-Matrix-animation-input"/><input semantic="OUTPUT" source="#DroidControl-Matrix-animation-output-transform"/><input semantic="INTERPOLATION" source="#DroidControl-Interpolations"/></sampler><channel source="#DroidControl-Matrix-animation-transform" target="DroidControl/matrix"/></animation></animation>
    <animation id="Pelvis-anim" name="Pelvis"><animation><source id="Pelvis-Matrix-animation-input"><float_array id="Pelvis-Matrix-animation-input-array" count="101">

0.000000 0.033333 0.066667 0.100000 0.133333 0.166667 0.200000 0.233333 0.266667 0.300000 0.333333 0.366667 0.400000 0.433333 0.466667 0.500000
0.533333 0.566667 0.600000 0.633333 0.666667 0.700000 0.733333 0.766667 0.800000 0.833333 0.866667 0.900000 0.933333 0.966667 1.000000 1.033333
1.066667 1.100000 1.133333 1.166667 1.200000 1.233333 1.266667 1.300000 1.333333 1.366667 1.400000 1.433333 1.466667 1.500000 1.533333 1.566667
1.600000 1.633333 1.666667 1.700000 1.733333 1.766667 1.800000 1.833333 1.866667 1.900000 1.933333 1.966667 2.000000 2.033333 2.066667 2.100000
2.133333 2.166667 2.200000 2.233333 2.266667 2.300000 2.333333 2.366667 2.400000 2.433333 2.466667 2.500000 2.533333 2.566667 2.600000 2.633333
2.666667 2.700000 2.733333 2.766667 2.800000 2.833333 2.866667 2.900000 2.933333 2.966667 3.000000 3.033333 3.066667 3.100000 3.133333 3.166667
3.200000 3.233333 3.266667 3.300000 3.333333</float_array><technique_common><accessor source="#Pelvis-Matrix-animation-input-array" count="101"><param name="TIME" type="float"/></accessor></technique_common></source><source id="Pelvis-Matrix-animation-output-transform"><float_array id="Pelvis-Matrix-animation-output-transform-array" count="1616">

0.000000 0.106958 0.994264 0.000000 0.951595 -0.305593 0.032874 58.871006 0.307357 0.946136 -0.101781 4.541246 0.000000 0.000000 0.000000 1.000000
0.061658 0.098683 0.993207 -1.030054 0.949784 -0.311652 -0.027998 59.985821 0.306772 0.945059 -0.112943 4.541246 0.000000 0.000000 0.000000 1.000000
0.113623 0.076502 0.990574 -1.901063 0.945432 -0.314769 -0.084135 62.474026 0.305366 0.946080 -0.108092 4.541246 0.000000 0.000000 0.000000 1.000000
0.150342 0.044383 0.987637 -2.519547 0.940779 -0.313469 -0.129122 65.057129 0.303863 0.948561 -0.088883 4.541246 0.000000 0.000000 0.000000 1.000000
0.166416 0.006029 0.986037 -2.791348 0.938325 -0.308319 -0.156479 66.457291 0.303071 0.951264 -0.056967 4.541246 0.000000 0.000000 0.000000 1.000000
0.157521 -0.033475 0.986948 -2.640855 0.939714 -0.302099 -0.160229 65.654854 0.303519 0.952689 -0.016130 4.541246 0.000000 0.000000 0.000000 1.000000
0.126378 -0.067815 0.989661 -2.115564 0.943965 -0.298416 -0.140991 63.289780 0.304892 0.952024 0.026302 4.541246 0.000000 0.000000 0.000000 1.000000
0.078376 -0.093360 0.992543 -1.309853 0.948667 -0.299021 -0.103038 60.640007 0.306411 0.949668 0.065131 4.541246 0.000000 0.000000 0.000000 1.000000
0.019006 -0.106187 0.994165 -0.317335 0.951423 -0.303697 -0.050627 58.982910 0.307301 0.946833 0.095256 4.541246 0.000000 0.000000 0.000000 1.000000
-0.044082 -0.102776 0.993727 0.736195 0.950669 -0.310041 0.010106 59.452972 0.307058 0.945152 0.111374 4.541246 0.000000 0.000000 0.000000 1.000000
-0.099519 -0.084312 0.991457 1.664243 0.946870 -0.314275 0.068318 61.666656 0.305831 0.945580 0.111108 4.541246 0.000000 0.000000 0.000000 1.000000
-0.141338 -0.054744 0.988447 2.367600 0.942042 -0.314324 0.117294 64.354881 0.304271 0.947736 0.095997 4.541245 0.000000 0.000000 0.000000 1.000000
-0.164114 -0.017882 0.986279 2.752379 0.938692 -0.310137 0.150573 66.240555 0.303189 0.950524 0.067684 4.541245 0.000000 0.000000 0.000000 1.000000
-0.162735 0.022109 0.986422 2.729033 0.938910 -0.303809 0.161706 66.114395 0.303259 0.952476 0.028682 4.541245 0.000000 0.000000 0.000000 1.000000
-0.137642 0.058354 0.988762 2.305283 0.942537 -0.299106 0.148860 64.080383 0.304431 0.952434 -0.013831 4.541245 0.000000 0.000000 0.000000 1.000000
-0.094088 0.086912 0.991763 1.573142 0.947373 -0.298367 0.116023 61.381905 0.305993 0.950486 -0.054266 4.541246 0.000000 0.000000 0.000000 1.000000
-0.037512 0.103939 0.993876 0.626413 0.950925 -0.301977 0.067471 59.295990 0.307140 0.947632 -0.087511 4.541246 0.000000 0.000000 0.000000 1.000000
0.025851 0.105529 0.994080 -0.431632 0.951276 -0.308236 0.007984 59.076023 0.307254 0.945439 -0.108356 4.541247 0.000000 0.000000 0.000000 1.000000
0.084256 0.091123 0.992269 -1.408336 0.948211 -0.313401 -0.051734 60.903343 0.306264 0.945239 -0.112809 4.541246 0.000000 0.000000 0.000000 1.000000
0.130684 0.064434 0.989328 -2.188061 0.943434 -0.314789 -0.104120 63.584053 0.304721 0.946972 -0.101927 4.541246 0.000000 0.000000 0.000000 1.000000
0.159667 0.029361 0.986734 -2.677131 0.939386 -0.311739 -0.142729 65.840996 0.303413 0.949714 -0.077356 4.541246 0.000000 0.000000 0.000000 1.000000
0.165833 -0.010405 0.986099 -2.781476 0.938418 -0.305674 -0.161040 66.401428 0.303101 0.952079 -0.040927 4.541246 0.000000 0.000000 0.000000 1.000000
0.147248 -0.048247 0.987922 -2.467316 0.941222 -0.300156 -0.154946 64.810265 0.304006 0.952669 0.001213 4.541246 0.000000 0.000000 0.000000 1.000000
0.108606 -0.079470 0.990903 -1.816781 0.945966 -0.298111 -0.127589 62.175560 0.305538 0.951217 0.042799 4.541246 0.000000 0.000000 0.000000 1.000000
0.055312 -0.100331 0.993415 -0.923921 0.950138 -0.300512 -0.083253 59.774784 0.306886 0.948486 0.078706 4.541246 0.000000 0.000000 0.000000 1.000000
-0.007010 -0.106854 0.994250 0.117037 0.951571 -0.306310 -0.026210 58.886501 0.307349 0.945916 0.103826 4.541246 0.000000 0.000000 0.000000 1.000000
-0.067889 -0.096871 0.992979 1.134300 0.949399 -0.312177 0.034455 60.213131 0.306647 0.945072 0.113162 4.541246 0.000000 0.000000 0.000000 1.000000
-0.118458 -0.073417 0.990241 1.982351 0.944894 -0.314850 0.089691 62.773621 0.305192 0.946298 0.106668 4.541245 0.000000 0.000000 0.000000 1.000000
-0.153191 -0.040447 0.987369 2.567667 0.940362 -0.313065 0.133073 65.289970 0.303729 0.948870 0.085993 4.541245 0.000000 0.000000 0.000000 1.000000
-0.166690 -0.001618 0.986008 2.795979 0.938281 -0.307616 0.158116 66.483879 0.303056 0.951509 0.052795 4.541245 0.000000 0.000000 0.000000 1.000000
-0.155112 0.037529 0.987184 2.600136 0.940077 -0.301527 0.159173 65.450180 0.303637 0.952719 0.011491 4.541245 0.000000 0.000000 0.000000 1.000000
-0.121871 0.071093 0.989997 2.039744 0.944501 -0.298260 0.137689 62.992134 0.305065 0.951833 -0.030798 4.541245 0.000000 0.000000 0.000000 1.000000
-0.072362 0.095445 0.992801 1.209157 0.949100 -0.299356 0.097956 60.388439 0.306551 0.949356 -0.068925 4.541246 0.000000 0.000000 0.000000 1.000000
-0.012040 0.106649 0.994224 0.201014 0.951526 -0.304381 0.044173 58.916367 0.307334 0.946561 -0.097815 4.541246 0.000000 0.000000 0.000000 1.000000
0.050661 0.101415 0.993554 -0.846165 0.950373 -0.310663 -0.016749 59.633430 0.306962 0.945095 -0.112120 4.541246 0.000000 0.000000 0.000000 1.000000
0.104874 0.081537 0.991137 -1.754117 0.946347 -0.314504 -0.074261 61.961628 0.305662 0.945748 -0.110146 4.541246 0.000000 0.000000 0.000000 1.000000
0.144866 0.050988 0.988137 -2.427107 0.941556 -0.314052 -0.121832 64.624184 0.304114 0.948036 -0.093504 4.541246 0.000000 0.000000 0.000000 1.000000
0.165224 0.013542 0.986163 -2.771156 0.938516 -0.309486 -0.152991 66.343826 0.303132 0.950807 -0.063844 4.541246 0.000000 0.000000 0.000000 1.000000
0.161048 -0.026354 0.986595 -2.700495 0.939173 -0.303155 -0.161405 65.962967 0.303344 0.952577 -0.024071 4.541246 0.000000 0.000000 0.000000 1.000000
0.133666 -0.061931 0.989090 -2.238283 0.943055 -0.298807 -0.146155 63.793556 0.304598 0.952302 0.018464 4.541246 0.000000 0.000000 0.000000 1.000000
0.088414 -0.089417 0.992062 -1.478016 0.947868 -0.298563 -0.111385 61.099922 0.306153 0.950192 0.058358 4.541246 0.000000 0.000000 0.000000 1.000000
0.030748 -0.104934 0.994004 -0.513421 0.951145 -0.302586 -0.061365 59.159119 0.307211 0.947328 0.090504 4.541247 0.000000 0.000000 0.000000 1.000000
-0.032620 -0.104678 0.993971 0.544699 0.951088 -0.308917 -0.001320 59.194466 0.307193 0.945311 0.109635 4.541246 0.000000 0.000000 0.000000 1.000000
-0.089992 -0.088741 0.991981 1.504483 0.947733 -0.313764 0.057909 61.176796 0.306109 0.945345 0.112339 4.541246 0.000000 0.000000 0.000000 1.000000
-0.134783 -0.060955 0.988998 2.257112 0.942911 -0.314664 0.109109 63.873302 0.304552 0.947244 0.099887 4.541245 0.000000 0.000000 0.000000 1.000000
-0.161541 -0.025189 0.986544 2.708838 0.939096 -0.311180 0.145826 66.006935 0.303320 0.950017 0.073923 4.541245 0.000000 0.000000 0.000000 1.000000
-0.164948 0.014742 0.986192 2.766486 0.938560 -0.304976 0.161540 66.317970 0.303146 0.952246 0.036469 4.541245 0.000000 0.000000 0.000000 1.000000
-0.143917 0.052032 0.988221 2.411098 0.941688 -0.299731 0.152921 64.551033 0.304157 0.952604 -0.005861 4.541245 0.000000 0.000000 0.000000 1.000000
-0.103415 0.082315 0.991226 1.729626 0.946492 -0.298158 0.123508 61.879864 0.305709 0.950961 -0.047076 4.541246 0.000000 0.000000 0.000000 1.000000
-0.048807 0.101820 0.993605 0.815162 0.950460 -0.301021 0.077534 59.580235 0.306990 0.948166 -0.082084 4.541246 0.000000 0.000000 0.000000 1.000000
0.014021 0.106539 0.994210 -0.234092 0.951501 -0.307028 0.019482 58.932343 0.307326 0.945718 -0.105676 4.541246 0.000000 0.000000 0.000000 1.000000
0.074046 0.094881 0.992731 -1.237342 0.948982 -0.312666 -0.040899 60.457043 0.306513 0.945113 -0.113192 4.541246 0.000000 0.000000 0.000000 1.000000
0.123143 0.070193 0.989904 -2.061131 0.944352 -0.314875 -0.095149 63.075058 0.305017 0.946534 -0.105061 4.541246 0.000000 0.000000 0.000000 1.000000
0.155808 0.036410 0.987116 -2.611886 0.939973 -0.312613 -0.136836 65.508797 0.303603 0.949183 -0.082931 4.541246 0.000000 0.000000 0.000000 1.000000
0.166645 -0.002847 0.986013 -2.795225 0.938288 -0.306897 -0.159466 66.479530 0.303059 0.951739 -0.048472 4.541246 0.000000 0.000000 0.000000 1.000000
0.152424 -0.041548 0.987442 -2.554719 0.940475 -0.300987 -0.157839 65.226791 0.303765 0.952723 -0.006803 4.541246 0.000000 0.000000 0.000000 1.000000
0.117134 -0.074285 0.990334 -1.960078 0.945044 -0.298158 -0.134142 62.690380 0.305241 0.951622 0.035278 4.541246 0.000000 0.000000 0.000000 1.000000
0.066170 -0.097390 0.993044 -1.105538 0.949509 -0.299743 -0.092666 60.148453 0.306683 0.949036 0.072639 4.541246 0.000000 0.000000 0.000000 1.000000
0.005068 -0.106904 0.994256 -0.084611 0.951582 -0.305080 -0.037653 58.879128 0.307353 0.946308 0.100182 4.541246 0.000000 0.000000 0.000000 1.000000
-0.057086 -0.099890 0.993360 0.953585 0.950043 -0.311249 0.023298 59.831676 0.306855 0.945064 0.112668 4.541246 0.000000 0.000000 0.000000 1.000000
-0.110017 -0.078658 0.990812 1.840486 0.945818 -0.314678 0.080040 62.258255 0.305491 0.945934 0.109016 4.541246 0.000000 0.000000 0.000000 1.000000
-0.148132 -0.047181 0.987842 2.482230 0.941096 -0.313731 0.126137 64.880142 0.303966 0.948339 0.090876 4.541245 0.000000 0.000000 0.000000 1.000000
-0.166026 -0.009193 0.986078 2.784737 0.938388 -0.308816 0.155117 66.419785 0.303091 0.951077 0.059898 4.541245 0.000000 0.000000 0.000000 1.000000
-0.159097 0.030510 0.986791 2.667507 0.939474 -0.302531 0.160822 65.791245 0.303442 0.952651 0.019469 4.541245 0.000000 0.000000 0.000000 1.000000
-0.129508 0.065384 0.989420 2.168264 0.943580 -0.298561 0.143238 63.502747 0.304768 0.952148 -0.023029 4.541245 0.000000 0.000000 0.000000 1.000000
-0.082590 0.091777 0.992349 1.380432 0.948343 -0.298813 0.106563 60.827003 0.306306 0.949888 -0.062357 4.541246 0.000000 0.000000 0.000000 1.000000
-0.023903 0.105737 0.994107 0.399099 0.951323 -0.303227 0.055126 59.046764 0.307269 0.947034 -0.093342 4.541246 0.000000 0.000000 0.000000 1.000000
0.039360 0.103632 0.993837 -0.657298 0.950857 -0.309584 -0.005376 59.337784 0.307118 0.945208 -0.110724 4.541247 0.000000 0.000000 0.000000 1.000000
0.095624 0.086198 0.991678 -1.598907 0.947234 -0.314082 -0.064038 61.460983 0.305948 0.945475 -0.111683 4.541246 0.000000 0.000000 0.000000 1.000000
0.138699 0.057352 0.988673 -2.323100 0.942397 -0.314484 -0.113964 64.158096 0.304386 0.947529 -0.097667 4.541246 0.000000 0.000000 0.000000 1.000000
0.163149 0.020930 0.986379 -2.736050 0.938845 -0.310581 -0.148697 66.152077 0.303238 0.950317 -0.070321 4.541246 0.000000 0.000000 0.000000 1.000000
0.163757 -0.019070 0.986316 -2.746323 0.938749 -0.304287 -0.161742 66.207619 0.303207 0.952390 -0.031927 4.541246 0.000000 0.000000 0.000000 1.000000
0.140325 -0.055764 0.988534 -2.350521 0.942179 -0.299348 -0.150631 64.278900 0.304315 0.952513 0.010533 4.541246 0.000000 0.000000 0.000000 1.000000
0.098014 -0.085053 0.991544 -1.638994 0.947013 -0.298261 -0.119196 61.586296 0.305877 0.950687 0.051312 4.541246 0.000000 0.000000 0.000000 1.000000
0.042251 -0.103120 0.993771 -0.705604 0.950745 -0.301565 -0.071714 59.406883 0.307082 0.947853 0.085300 4.541247 0.000000 0.000000 0.000000 1.000000
-0.020915 -0.106023 0.994144 0.349201 0.951386 -0.307734 -0.012804 59.006138 0.307289 0.945547 0.107305 4.541246 0.000000 0.000000 0.000000 1.000000
-0.080023 -0.092753 0.992468 1.337437 0.948543 -0.313109 0.047219 60.712048 0.306371 0.945177 0.113037 4.541246 0.000000 0.000000 0.000000 1.000000
-0.127594 -0.066886 0.989569 2.136041 0.943817 -0.314845 0.100414 63.371933 0.304844 0.946783 0.103301 4.541245 0.000000 0.000000 0.000000 1.000000
-0.158144 -0.032338 0.986886 2.651383 0.939620 -0.312120 0.140342 65.708488 0.303489 0.949492 0.079746 4.541245 0.000000 0.000000 0.000000 1.000000
-0.166285 0.007248 0.986051 2.789126 0.938346 -0.306185 0.160491 66.444633 0.303077 0.951945 0.044113 4.541245 0.000000 0.000000 0.000000 1.000000
-0.149507 0.045464 0.987715 2.505446 0.940899 -0.300490 0.156252 64.989891 0.303902 0.952701 0.002148 4.541245 0.000000 0.000000 0.000000 1.000000
-0.112207 0.077362 0.990669 1.877284 0.945585 -0.298111 0.130381 62.388565 0.305416 0.951391 -0.039702 4.541246 0.000000 0.000000 0.000000 1.000000
-0.059857 0.099171 0.993268 0.999919 0.949888 -0.300177 0.087213 59.923794 0.306805 0.948714 -0.076234 4.541246 0.000000 0.000000 0.000000 1.000000
0.002008 0.106950 0.994262 -0.033524 0.951593 -0.305798 0.030972 58.872288 0.307356 0.946071 -0.102386 4.541246 0.000000 0.000000 0.000000 1.000000
0.063451 0.098182 0.993144 -1.060036 0.949677 -0.311806 -0.029849 60.049179 0.306737 0.945060 -0.113026 4.541246 0.000000 0.000000 0.000000 1.000000
0.115023 0.075632 0.990479 -1.924599 0.945279 -0.314798 -0.085736 62.559582 0.305316 0.946141 -0.107702 4.541246 0.000000 0.000000 0.000000 1.000000
0.151181 0.043266 0.987559 -2.533720 0.940657 -0.313359 -0.130272 65.125160 0.303824 0.948649 -0.088072 4.541246 0.000000 0.000000 0.000000 1.000000
0.166526 0.004773 0.986025 -2.793212 0.938307 -0.308120 -0.156976 66.467949 0.303065 0.951335 -0.055788 4.541246 0.000000 0.000000 0.000000 1.000000
0.156860 -0.034640 0.987013 -2.629669 0.939815 -0.301932 -0.159955 65.598198 0.303552 0.952700 -0.014806 4.541246 0.000000 0.000000 0.000000 1.000000
0.125110 -0.068762 0.989757 -2.094235 0.944118 -0.298366 -0.140070 63.205009 0.304942 0.951971 0.027591 4.541246 0.000000 0.000000 0.000000 1.000000
0.076671 -0.093971 0.992618 -1.281303 0.948794 -0.299112 -0.101603 60.566856 0.306452 0.949580 0.066226 4.541246 0.000000 0.000000 0.000000 1.000000
0.017038 -0.106338 0.994184 -0.284470 0.951456 -0.303889 -0.048810 58.961189 0.307312 0.946754 0.095998 4.541246 0.000000 0.000000 0.000000 1.000000
-0.045957 -0.102409 0.993680 0.767534 0.950589 -0.310220 0.011993 59.502052 0.307032 0.945133 0.111606 4.541246 0.000000 0.000000 0.000000 1.000000
-0.101053 -0.083538 0.991367 1.689999 0.946723 -0.314346 0.070014 61.749763 0.305783 0.945626 0.110853 4.541246 0.000000 0.000000 0.000000 1.000000
-0.142362 -0.053688 0.988358 2.384863 0.941902 -0.314252 0.118600 64.432274 0.304226 0.947820 0.095306 4.541245 0.000000 0.000000 0.000000 1.000000
-0.164459 -0.016656 0.986243 2.758214 0.938637 -0.309955 0.151286 66.272453 0.303171 0.950605 0.066609 4.541245 0.000000 0.000000 0.000000 1.000000
-0.162285 0.023318 0.986468 2.721432 0.938980 -0.303621 0.161650 66.073776 0.303282 0.952508 0.027378 4.541245 0.000000 0.000000 0.000000 1.000000
-0.136506 0.059406 0.988856 2.286142 0.942687 -0.299014 0.148096 63.997570 0.304479 0.952398 -0.015184 4.541245 0.000000 0.000000 0.000000 1.000000
-0.092450 0.087656 0.991851 1.545690 0.947519 -0.298418 0.114691 61.298916 0.306040 0.950401 -0.055467 4.541246 0.000000 0.000000 0.000000 1.000000
-0.035550 0.104248 0.993916 0.593640 0.950993 -0.302151 0.065706 59.253685 0.307162 0.947543 -0.088398 4.541246 0.000000 0.000000 0.000000 1.000000
0.027793 0.105306 0.994051 -0.464067 0.951227 -0.308432 0.006079 59.107353 0.307238 0.945400 -0.108742 4.541247 0.000000 0.000000 0.000000 1.000000</float_array><technique_common><accessor source="#Pelvis-Matrix-animation-output-transform-array" count="101" stride="16"><param type="float4x4"/></accessor></technique_common></source><source id="Pelvis-Interpolations"><Name_array id="Pelvis-Interpolations-array" count="101">
 LINEAR LINEAR LINEAR LINEAR LINEAR LINEAR LINEAR LINEAR LINEAR LINEAR LINEAR
LINEAR LINEAR LINEAR LINEAR LINEAR LINEAR LINEAR LINEAR LINEAR LINEAR LINEAR LINEAR
LINEAR LINEAR LINEAR LINEAR LINEAR LINEAR LINEAR LINEAR LINEAR LINEAR LINEAR LINEAR
LINEAR LINEAR LINEAR LINEAR LINEAR LINEAR LINEAR LINEAR LINEAR LINEAR LINEAR LINEAR
LINEAR LINEAR LINEAR LINEAR LINEAR LINEAR LINEAR LINEAR LINEAR LINEAR LINEAR LINEAR
LINEAR LINEAR LINEAR LINEAR LINEAR LINEAR LINEAR LINEAR LINEAR LINEAR LINEAR LINEAR
LINEAR LINEAR LINEAR LINEAR LINEAR LINEAR LINEAR LINEAR LINEAR LINEAR LINEAR LINEAR
LINEAR LINEAR LINEAR LINEAR LINEAR LINEAR LINEAR LINEAR LINEAR LINEAR LINEAR LINEAR
LINEAR LINEAR LINEAR LINEAR LINEAR LINEAR</Name_array><technique_common><accessor source="#Pelvis-Interpolations-array" count="101"><param type="name"/></accessor></technique_common></source><sampler id="Pelvis-Matrix-animation-transform"><input semantic="INPUT" source="#Pelvis-Matrix-animation-input"/><input semantic="OUTPUT" source="#Pelvis-Matrix-animation-output-transform"/><input semantic="INTERPOLATION" source="#Pelvis-Interpolations"/></sampler><channel source="#Pelvis-Matrix-animation-transform" target="Pelvis/matrix"/></animation></animation>
    <animation id="LLeg1-anim" name="LLeg1"><animation><source id="LLeg1-Matrix-animation-input"><float_array id="LLeg1-Matrix-animation-input-array" count="101">

0.000000 0.033333 0.066667 0.100000 0.133333 0.166667 0.200000 0.233333 0.266667 0.300000 0.333333 0.366667 0.400000 0.433333 0.466667 0.500000
0.533333 0.566667 0.600000 0.633333 0.666667 0.700000 0.733333 0.766667 0.800000 0.833333 0.866667 0.900000 0.933333 0.966667 1.000000 1.033333
1.066667 1.100000 1.133333 1.166667 1.200000 1.233333 1.266667 1.300000 1.333333 1.366667 1.400000 1.433333 1.466667 1.500000 1.533333 1.566667
1.600000 1.633333 1.666667 1.700000 1.733333 1.766667 1.800000 1.833333 1.866667 1.900000 1.933333 1.966667 2.000000 2.033333 2.066667 2.100000
2.133333 2.166667 2.200000 2.233333 2.266667 2.300000 2.333333 2.366667 2.400000 2.433333 2.466667 2.500000 2.533333 2.566667 2.600000 2.633333
2.666667 2.700000 2.733333 2.766667 2.800000 2.833333 2.866667 2.900000 2.933333 2.966667 3.000000 3.033333 3.066667 3.100000 3.133333 3.166667
3.200000 3.233333 3.266667 3.300000 3.333333</float_array><technique_common><accessor source="#LLeg1-Matrix-animation-input-array" count="101"><param name="TIME" type="float"/></accessor></technique_common></source><source id="LLeg1-Matrix-animation-output-transform"><float_array id="LLeg1-Matrix-animation-output-transform-array" count="1616">

-0.994355 -0.102135 -0.028759 0.000004 -0.098752 0.989943 -0.101294 0.000000 0.038815 -0.097882 -0.994441 7.451147 0.000000 0.000000 0.000000 1.000000
-0.914265 -0.390215 -0.108862 -0.000004 -0.378553 0.918598 -0.113472 -0.000002 0.144279 -0.062534 -0.987559 7.451145 0.000000 0.000000 0.000000 1.000000
-0.969342 0.184604 -0.162165 -0.000004 0.203289 0.973225 -0.107271 0.000000 0.138020 -0.136949 -0.980916 7.451146 0.000000 0.000000 0.000000 1.000000
-0.795471 0.564746 -0.219745 0.000000 0.593219 0.799762 -0.092046 -0.000004 0.123761 -0.203577 -0.971205 7.451147 0.000000 0.000000 0.000000 1.000000
-0.532002 0.804424 -0.264340 0.000000 0.841439 0.537134 -0.058881 0.000002 0.094620 -0.253751 -0.962630 7.451149 0.000000 0.000000 0.000000 1.000000
-0.304924 0.913101 -0.270681 0.000008 0.949329 0.314133 -0.009745 -0.000000 0.076132 -0.259937 -0.962620 7.451145 0.000000 0.000000 0.000000 1.000000
-0.195264 0.952099 -0.235327 -0.000004 0.976690 0.210587 0.041592 0.000001 0.089157 -0.221720 -0.971026 7.451146 0.000000 0.000000 0.000000 1.000000
-0.263872 0.949913 -0.167438 0.000004 0.956115 0.280508 0.084608 0.000002 0.127338 -0.137764 -0.982246 7.451146 0.000000 0.000000 0.000000 1.000000
-0.378228 0.922463 -0.077495 0.000000 0.916967 0.384820 0.105289 0.000000 0.126947 -0.031237 -0.991418 7.451146 0.000000 0.000000 0.000000 1.000000
-0.264873 0.963997 0.023503 -0.000008 0.960214 0.261440 0.098175 0.000000 0.088496 0.048572 -0.994891 7.451148 0.000000 0.000000 0.000000 1.000000
-0.341179 0.933623 0.109289 -0.000004 0.938860 0.332735 0.088488 0.000001 0.046250 0.132797 -0.990064 7.451148 0.000000 0.000000 0.000000 1.000000
-0.491335 0.854380 0.169187 0.000000 0.870761 0.486121 0.073903 -0.000000 -0.019104 0.183632 -0.982809 7.451147 0.000000 0.000000 0.000000 1.000000
-0.643942 0.739329 0.196799 0.000004 0.759802 0.648130 0.051257 -0.000002 -0.089655 0.182535 -0.979103 7.451145 0.000000 0.000000 0.000000 1.000000
-0.756548 0.625715 0.190039 0.000000 0.639900 0.768249 0.017943 -0.000001 -0.134770 0.135180 -0.981613 7.451144 0.000000 0.000000 0.000000 1.000000
-0.842198 0.516897 0.153360 0.000004 0.520234 0.853773 -0.020680 0.000001 -0.141624 0.062367 -0.987954 7.451146 0.000000 0.000000 0.000000 1.000000
-0.917662 0.385767 0.095295 0.000000 0.381701 0.922434 -0.058477 -0.000000 -0.110461 -0.017288 -0.993730 7.451144 0.000000 0.000000 0.000000 1.000000
-0.987609 0.155406 0.021842 0.000000 0.152915 0.984250 -0.088703 0.000000 -0.035283 -0.084264 -0.995819 7.451146 0.000000 0.000000 0.000000 1.000000
-0.915372 -0.396960 -0.067206 0.000004 -0.388680 0.914832 -0.109593 -0.000002 0.104987 -0.074197 -0.991702 7.451145 0.000000 0.000000 0.000000 1.000000
-0.984277 -0.120816 -0.128848 0.000000 -0.106755 0.988073 -0.110972 0.000001 0.140718 -0.095472 -0.985436 7.451148 0.000000 0.000000 0.000000 1.000000
-0.915576 0.356554 -0.185981 0.000000 0.379037 0.919644 -0.102885 0.000000 0.134352 -0.164692 -0.977152 7.451145 0.000000 0.000000 0.000000 1.000000
-0.693706 0.678877 -0.240621 -0.000000 0.711340 0.698163 -0.081018 0.000000 0.112992 -0.227366 -0.967232 7.451146 0.000000 0.000000 0.000000 1.000000
-0.428963 0.861252 -0.272462 -0.000000 0.899395 0.435300 -0.040022 -0.000003 0.084134 -0.262219 -0.961334 7.451149 0.000000 0.000000 0.000000 1.000000
-0.243215 0.934228 -0.260891 0.000004 0.966885 0.254951 0.011582 0.000001 0.077335 -0.249435 -0.965299 7.451147 0.000000 0.000000 0.000000 1.000000
-0.198084 0.957220 -0.210933 -0.000000 0.974719 0.215059 0.060598 -0.000000 0.103369 -0.193597 -0.975620 7.451146 0.000000 0.000000 0.000000 1.000000
-0.366511 0.920759 -0.133688 0.000004 0.919589 0.380342 0.098468 -0.000002 0.141512 -0.086849 -0.986119 7.451145 0.000000 0.000000 0.000000 1.000000
-0.294487 0.955004 -0.035265 0.000000 0.949504 0.296572 0.102410 -0.000001 0.108260 -0.003326 -0.994117 7.451147 0.000000 0.000000 0.000000 1.000000
-0.280701 0.957859 0.060927 -0.000008 0.956935 0.274404 0.094746 0.000000 0.074035 0.084899 -0.993635 7.451148 0.000000 0.000000 0.000000 1.000000
-0.398414 0.906874 0.137284 -0.000000 0.916941 0.390212 0.083393 -0.000001 0.022057 0.159106 -0.987015 7.451148 0.000000 0.000000 0.000000 1.000000
-0.557415 0.809477 0.184490 -0.000000 0.828783 0.555662 0.066023 0.000000 -0.049070 0.189704 -0.980615 7.451146 0.000000 0.000000 0.000000 1.000000
-0.696176 0.689983 0.198146 -0.000008 0.708977 0.704155 0.038953 0.000000 -0.112648 0.167599 -0.979398 7.451146 0.000000 0.000000 0.000000 1.000000
-0.793503 0.581886 0.178217 0.000004 0.591720 0.806139 0.002526 -0.000003 -0.142198 0.107459 -0.983988 7.451146 0.000000 0.000000 0.000000 1.000000
-0.874326 0.467079 0.131872 0.000000 0.466588 0.883720 -0.036531 0.000002 -0.133601 0.029590 -0.990593 7.451142 0.000000 0.000000 0.000000 1.000000
-0.948994 0.308090 0.067017 -0.000004 0.303374 0.950142 -0.072066 0.000001 -0.085879 -0.048059 -0.995146 7.451147 0.000000 0.000000 0.000000 1.000000
-0.999899 -0.007321 -0.012156 -0.000000 -0.006098 0.995190 -0.097769 0.000002 0.012814 -0.097685 -0.995135 7.451146 0.000000 0.000000 0.000000 1.000000
-0.910779 -0.401708 -0.095452 0.000004 -0.391041 0.913422 -0.112903 -0.000002 0.132542 -0.065504 -0.989011 7.451145 0.000000 0.000000 0.000000 1.000000
-0.983398 0.100210 -0.151280 0.000004 0.117327 0.987115 -0.108804 -0.000002 0.138428 -0.124746 -0.982485 7.451146 0.000000 0.000000 0.000000 1.000000
-0.836532 0.506299 -0.209465 0.000000 0.532903 0.840690 -0.096198 0.000000 0.127390 -0.192097 -0.973073 7.451146 0.000000 0.000000 0.000000 1.000000
-0.581986 0.771134 -0.258154 0.000000 0.807017 0.586755 -0.066649 -0.000004 0.100078 -0.247123 -0.963802 7.451148 0.000000 0.000000 0.000000 1.000000
-0.339085 0.900283 -0.272969 -0.000008 0.937573 0.347247 -0.019404 0.000001 0.077319 -0.262508 -0.961827 7.451148 0.000000 0.000000 0.000000 1.000000
-0.204437 0.947782 -0.244774 -0.000004 0.975237 0.218759 0.032527 0.000001 0.084375 -0.232062 -0.969034 7.451148 0.000000 0.000000 0.000000 1.000000
-0.234860 0.954849 -0.181946 0.000000 0.964601 0.252043 0.077588 0.000000 0.119943 -0.157283 -0.980243 7.451146 0.000000 0.000000 0.000000 1.000000
-0.467577 0.878578 -0.097323 0.000000 0.872638 0.476345 0.107695 -0.000004 0.140978 -0.034572 -0.989409 7.451148 0.000000 0.000000 0.000000 1.000000
-0.267090 0.963656 0.005509 0.000004 0.959019 0.265235 0.099664 -0.000001 0.094581 0.031903 -0.995006 7.451146 0.000000 0.000000 0.000000 1.000000
-0.318558 0.943133 0.094975 0.000000 0.946245 0.310477 0.090685 -0.000000 0.056040 0.118758 -0.991341 7.451147 0.000000 0.000000 0.000000 1.000000
-0.462036 0.872247 0.160335 -0.000000 0.886843 0.455565 0.077264 -0.000002 -0.005650 0.177891 -0.984034 7.451143 0.000000 0.000000 0.000000 1.000000
-0.618223 0.761630 0.194214 -0.000004 0.782164 0.620517 0.056368 0.000000 -0.077582 0.186755 -0.979338 7.451145 0.000000 0.000000 0.000000 1.000000
-0.739417 0.644751 0.193799 -0.000000 0.660698 0.750241 0.024834 -0.000004 -0.129384 0.146405 -0.980727 7.451148 0.000000 0.000000 0.000000 1.000000
-0.827836 0.537050 0.162065 0.000000 0.542358 0.840042 -0.013335 -0.000002 -0.143303 0.076858 -0.986690 7.451149 0.000000 0.000000 0.000000 1.000000
-0.904553 0.412604 0.107434 -0.000008 0.409350 0.910906 -0.051798 -0.000001 -0.119234 -0.002876 -0.992862 7.451149 0.000000 0.000000 0.000000 1.000000
-0.977222 0.209058 0.036504 0.000004 0.205460 0.975058 -0.083948 -0.000002 -0.053143 -0.074536 -0.995801 7.451144 0.000000 0.000000 0.000000 1.000000
-0.956372 -0.287716 -0.050711 0.000000 -0.281301 0.953741 -0.106051 0.000000 0.078878 -0.087159 -0.993067 7.451146 0.000000 0.000000 0.000000 1.000000
-0.958970 -0.256845 -0.120027 -0.000004 -0.243952 0.963273 -0.112218 -0.000002 0.144441 -0.078332 -0.986408 7.451147 0.000000 0.000000 0.000000 1.000000
-0.943409 0.281699 -0.175000 -0.000000 0.302400 0.947352 -0.105252 0.000000 0.136137 -0.152216 -0.978927 7.451146 0.000000 0.000000 0.000000 1.000000
-0.740667 0.630752 -0.231439 0.000000 0.661462 0.744966 -0.086562 0.000000 0.117815 -0.217202 -0.968991 7.451148 0.000000 0.000000 0.000000 1.000000
-0.473705 0.838328 -0.269833 0.000000 0.876246 0.479369 -0.048971 0.000002 0.088296 -0.259638 -0.961661 7.451146 0.000000 0.000000 0.000000 1.000000
-0.268314 0.925793 -0.266296 0.000004 0.960329 0.278864 0.001881 0.000000 0.076002 -0.255227 -0.963889 7.451147 0.000000 0.000000 0.000000 1.000000
-0.193076 0.955557 -0.222783 -0.000008 0.976432 0.209442 0.052108 -0.000000 0.096452 -0.207471 -0.973475 7.451148 0.000000 0.000000 0.000000 1.000000
-0.312700 0.938009 -0.149527 0.000000 0.940096 0.328134 0.092454 -0.000001 0.135788 -0.111659 -0.984426 7.451146 0.000000 0.000000 0.000000 1.000000
-0.320979 0.945511 -0.054599 0.000000 0.939992 0.325088 0.103598 0.000001 0.115702 -0.018070 -0.993120 7.451147 0.000000 0.000000 0.000000 1.000000
-0.269968 0.961860 0.044068 0.000000 0.959450 0.264873 0.096427 -0.000002 0.081076 0.068313 -0.994364 7.451146 0.000000 0.000000 0.000000 1.000000
-0.370934 0.920211 0.124977 0.000004 0.928046 0.362426 0.085897 -0.000001 0.033749 0.147847 -0.988434 7.451147 0.000000 0.000000 0.000000 1.000000
-0.527014 0.830979 0.178129 0.000004 0.849127 0.523547 0.069862 -0.000002 -0.035205 0.188073 -0.981524 7.451145 0.000000 0.000000 0.000000 1.000000
-0.673394 0.712211 0.198233 0.000011 0.732109 0.679705 0.044918 -0.000002 -0.102749 0.175375 -0.979125 7.451145 0.000000 0.000000 0.000000 1.000000
-0.777158 0.601736 0.184227 -0.000000 0.613627 0.789536 0.009731 -0.000004 -0.139598 0.120609 -0.982835 7.451148 0.000000 0.000000 0.000000 1.000000
-0.860042 0.490016 0.142170 0.000004 0.491175 0.870569 -0.029274 -0.000002 -0.138114 0.044653 -0.989409 7.451147 0.000000 0.000000 0.000000 1.000000
-0.934727 0.346175 0.080305 -0.000000 0.341546 0.937543 -0.066024 -0.000001 -0.098145 -0.034287 -0.994581 7.451147 0.000000 0.000000 0.000000 1.000000
-0.997286 0.073521 0.003796 0.000000 0.072842 0.992919 -0.093840 -0.000000 -0.010668 -0.093309 -0.995580 7.451144 0.000000 0.000000 0.000000 1.000000
-0.909659 -0.407146 -0.082167 0.000004 -0.397548 0.910757 -0.111701 -0.000001 0.120312 -0.068944 -0.990339 7.451146 0.000000 0.000000 0.000000 1.000000
-0.990044 0.006384 -0.140615 -0.000000 0.022021 0.993695 -0.109932 -0.000002 0.139027 -0.111934 -0.983942 7.451145 0.000000 0.000000 0.000000 1.000000
-0.875499 0.440458 -0.198741 -0.000004 0.465144 0.879609 -0.099642 0.000000 0.130926 -0.179680 -0.974974 7.451146 0.000000 0.000000 0.000000 1.000000
-0.633382 0.732115 -0.250669 -0.000004 0.766553 0.637936 -0.073715 0.000002 0.105943 -0.238841 -0.965262 7.451148 0.000000 0.000000 0.000000 1.000000
-0.377793 0.884507 -0.273713 0.000004 0.922453 0.385017 -0.029029 -0.000002 0.079708 -0.263455 -0.961373 7.451144 0.000000 0.000000 0.000000 1.000000
-0.219025 0.942350 -0.252988 -0.000004 0.972398 0.232190 0.023023 0.000000 0.080437 -0.240963 -0.967195 7.451147 0.000000 0.000000 0.000000 1.000000
-0.213699 0.957069 -0.195835 0.000008 0.970425 0.231015 0.070050 -0.000004 0.112283 -0.175073 -0.978132 7.451145 0.000000 0.000000 0.000000 1.000000
-0.456544 0.882235 -0.115014 0.000000 0.877513 0.467836 0.105357 0.000000 0.146758 -0.052827 -0.987761 7.451145 0.000000 0.000000 0.000000 1.000000
-0.276408 0.960951 -0.013077 -0.000004 0.955751 0.276287 0.101019 0.000001 0.100687 0.015424 -0.994799 7.451146 0.000000 0.000000 0.000000 1.000000
-0.298895 0.950950 0.079719 0.000000 0.952079 0.291483 0.092647 -0.000002 0.064866 0.103590 -0.992502 7.451144 0.000000 0.000000 0.000000 1.000000
-0.432169 0.889174 0.150329 0.000000 0.901761 0.424722 0.080235 -0.000000 0.007495 0.170236 -0.985375 7.451145 0.000000 0.000000 0.000000 1.000000
-0.590499 0.784249 0.190432 0.000004 0.804443 0.590887 0.061022 0.000002 -0.064668 0.189225 -0.979802 7.451146 0.000000 0.000000 0.000000 1.000000
-0.720319 0.665229 0.196496 0.000000 0.682743 0.729980 0.031496 0.000002 -0.122486 0.156844 -0.979999 7.451149 0.000000 0.000000 0.000000 1.000000
-0.812140 0.558139 0.170029 -0.000000 0.565525 0.824710 -0.005983 0.000000 -0.143564 0.091297 -0.985421 7.451144 0.000000 0.000000 0.000000 1.000000
-0.890649 0.438838 0.119016 0.000004 0.436703 0.898486 -0.044875 0.000000 -0.126627 0.012007 -0.991878 7.451145 0.000000 0.000000 0.000000 1.000000
-0.964808 0.257998 0.050821 0.000000 0.253660 0.964086 -0.078698 0.000001 -0.069300 -0.063037 -0.995602 7.451147 0.000000 0.000000 0.000000 1.000000
-0.991612 -0.125300 -0.031712 0.000008 -0.121497 0.987336 -0.102012 -0.000002 0.044092 -0.097304 -0.994278 7.451147 0.000000 0.000000 0.000000 1.000000
-0.915282 -0.387187 -0.111113 0.000000 -0.375343 0.919894 -0.113634 -0.000001 0.146210 -0.062301 -0.987290 7.451145 0.000000 0.000000 0.000000 1.000000
-0.965712 0.201263 -0.163991 0.000000 0.220251 0.969544 -0.107114 -0.000001 0.137439 -0.139561 -0.980629 7.451146 0.000000 0.000000 0.000000 1.000000
-0.786806 0.576066 -0.221548 -0.000004 0.604900 0.791039 -0.091395 -0.000000 0.122603 -0.205925 -0.970857 7.451147 0.000000 0.000000 0.000000 1.000000
-0.521421 0.810961 -0.265446 -0.000000 0.848200 0.526547 -0.057491 -0.000002 0.093147 -0.255128 -0.962410 7.451146 0.000000 0.000000 0.000000 1.000000
-0.299040 0.915194 -0.270174 -0.000000 0.951210 0.308440 -0.008023 0.000000 0.075990 -0.259391 -0.962778 7.451145 0.000000 0.000000 0.000000 1.000000
-0.194769 0.952621 -0.233618 0.000000 0.976679 0.210299 0.043272 0.000000 0.090352 -0.219742 -0.971365 7.451149 0.000000 0.000000 0.000000 1.000000
-0.271142 0.948317 -0.164852 -0.000000 0.953876 0.287659 0.085871 0.000000 0.128854 -0.133965 -0.982573 7.451146 0.000000 0.000000 0.000000 1.000000
-0.365792 0.927745 -0.074062 -0.000000 0.922273 0.372014 0.104966 0.000000 0.124933 -0.029910 -0.991714 7.451147 0.000000 0.000000 0.000000 1.000000
-0.264669 0.963973 0.026579 0.000000 0.960360 0.260976 0.097975 0.000000 0.087509 0.051456 -0.994834 7.451145 0.000000 0.000000 0.000000 1.000000
-0.345330 0.931814 0.111669 0.000000 0.937422 0.336838 0.088205 -0.000000 0.044576 0.135141 -0.989823 7.451145 0.000000 0.000000 0.000000 1.000000
-0.497355 0.850611 0.170583 0.000000 0.867281 0.492368 0.073472 0.000002 -0.021493 0.184485 -0.982600 7.451146 0.000000 0.000000 0.000000 1.000000
-0.648852 0.734947 0.197091 -0.000004 0.755369 0.653355 0.050446 -0.000000 -0.091695 0.181608 -0.979087 7.451146 0.000000 0.000000 0.000000 1.000000
-0.760237 0.621468 0.189255 -0.000004 0.635321 0.772066 0.016803 -0.000002 -0.135675 0.133012 -0.981784 7.451145 0.000000 0.000000 0.000000 1.000000
-0.845415 0.512100 0.151746 0.000000 0.515088 0.856856 -0.021959 -0.000002 -0.141270 0.059598 -0.988176 7.451145 0.000000 0.000000 0.000000 1.000000
-0.920640 0.379144 0.093124 0.000008 0.374958 0.925122 -0.059633 -0.000001 -0.108761 -0.019983 -0.993867 7.451145 0.000000 0.000000 0.000000 1.000000
-0.989576 0.142720 0.019231 0.000008 0.140469 0.986028 -0.089534 -0.000001 -0.031740 -0.085899 -0.995798 7.451148 0.000000 0.000000 0.000000 1.000000
-0.913527 -0.400844 -0.069230 0.000004 -0.392367 0.913207 -0.110006 -0.000002 0.107317 -0.073330 -0.991517 7.451145 0.000000 0.000000 0.000000 1.000000</float_array><technique_common><accessor source="#LLeg1-Matrix-animation-output-transform-array" count="101" stride="16"><param type="float4x4"/></accessor></technique_common></source><source id="LLeg1-Interpolations"><Name_array id="LLeg1-Interpolations-array" count="101">
 LINEAR LINEAR LINEAR LINEAR LINEAR LINEAR LINEAR LINEAR LINEAR LINEAR LINEAR
LINEAR LINEAR LINEAR LINEAR LINEAR LINEAR LINEAR LINEAR LINEAR LINEAR LINEAR LINEAR
LINEAR LINEAR LINEAR LINEAR LINEAR LINEAR LINEAR LINEAR LINEAR LINEAR LINEAR LINEAR
LINEAR LINEAR LINEAR LINEAR LINEAR LINEAR LINEAR LINEAR LINEAR LINEAR LINEAR LINEAR
LINEAR LINEAR LINEAR LINEAR LINEAR LINEAR LINEAR LINEAR LINEAR LINEAR LINEAR LINEAR
LINEAR LINEAR LINEAR LINEAR LINEAR LINEAR LINEAR LINEAR LINEAR LINEAR LINEAR LINEAR
LINEAR LINEAR LINEAR LINEAR LINEAR LINEAR LINEAR LINEAR LINEAR LINEAR LINEAR LINEAR
LINEAR LINEAR LINEAR LINEAR LINEAR LINEAR LINEAR LINEAR LINEAR LINEAR LINEAR LINEAR
LINEAR LINEAR LINEAR LINEAR LINEAR LINEAR</Name_array><technique_common><accessor source="#LLeg1-Interpolations-array" count="101"><param type="name"/></accessor></technique_common></source><sampler id="LLeg1-Matrix-animation-transform"><input semantic="INPUT" source="#LLeg1-Matrix-animation-input"/><input semantic="OUTPUT" source="#LLeg1-Matrix-animation-output-transform"/><input semantic="INTERPOLATION" source="#LLeg1-Interpolations"/></sampler><channel source="#LLeg1-Matrix-animation-transform" target="LLeg1/matrix"/></animation></animation>
    <animation id="LLeg2-anim" name="LLeg2"><animation><source id="LLeg2-Matrix-animation-input"><float_array id="LLeg2-Matrix-animation-input-array" count="101">

0.000000 0.033333 0.066667 0.100000 0.133333 0.166667 0.200000 0.233333 0.266667 0.300000 0.333333 0.366667 0.400000 0.433333 0.466667 0.500000
0.533333 0.566667 0.600000 0.633333 0.666667 0.700000 0.733333 0.766667 0.800000 0.833333 0.866667 0.900000 0.933333 0.966667 1.000000 1.033333
1.066667 1.100000 1.133333 1.166667 1.200000 1.233333 1.266667 1.300000 1.333333 1.366667 1.400000 1.433333 1.466667 1.500000 1.533333 1.566667
1.600000 1.633333 1.666667 1.700000 1.733333 1.766667 1.800000 1.833333 1.866667 1.900000 1.933333 1.966667 2.000000 2.033333 2.066667 2.100000
2.133333 2.166667 2.200000 2.233333 2.266667 2.300000 2.333333 2.366667 2.400000 2.433333 2.466667 2.500000 2.533333 2.566667 2.600000 2.633333
2.666667 2.700000 2.733333 2.766667 2.800000 2.833333 2.866667 2.900000 2.933333 2.966667 3.000000 3.033333 3.066667 3.100000 3.133333 3.166667
3.200000 3.233333 3.266667 3.300000 3.333333</float_array><technique_common><accessor source="#LLeg2-Matrix-animation-input-array" count="101"><param name="TIME" type="float"/></accessor></technique_common></source><source id="LLeg2-Matrix-animation-output-transform"><float_array id="LLeg2-Matrix-animation-output-transform-array" count="1616">

0.807371 0.590031 0.003991 30.975601 -0.589630 0.807038 -0.032034 -0.000038 -0.022122 0.023510 0.999479 -0.000007 0.000000 0.000000 0.000000 1.000000
0.984190 0.177118 -0.000070 30.975597 -0.177035 0.983717 -0.030982 -0.000042 -0.005418 0.030504 0.999520 -0.000004 0.000000 0.000000 0.000000 1.000000
0.595147 0.803598 0.005684 30.975607 -0.803047 0.594975 -0.033478 -0.000035 -0.030285 0.015359 0.999423 -0.000003 0.000000 0.000000 0.000000 1.000000
0.302253 0.953206 0.006625 30.975609 -0.952558 0.302294 -0.035362 -0.000038 -0.035710 0.004378 0.999353 -0.000005 0.000000 0.000000 0.000000 1.000000
0.167663 0.985823 0.006420 30.975601 -0.985167 0.167786 -0.035969 -0.000031 -0.036537 -0.000294 0.999332 -0.000005 0.000000 0.000000 0.000000 1.000000
0.234730 0.972043 0.005840 30.975607 -0.971406 0.234788 -0.035271 -0.000038 -0.035656 0.002607 0.999361 -0.000005 0.000000 0.000000 0.000000 1.000000
