<?xml version="1.0" encoding="utf-8"?>
<COLLADA xmlns="http://www.collada.org/2005/11/COLLADASchema" version="1.4.1">
  <asset><contributor><author></author><authoring_tool>FBX COLLADA exporter</authoring_tool><comments></comments></contributor><created>2015-05-01T22:32:47Z</created><keywords></keywords><modified>2015-05-01T22:32:47Z</modified><revision></revision><subject></subject><title></title><unit meter="1.000000" name="centimeter"></unit><up_axis>Y_UP</up_axis></asset>
  <library_animations>
    <animation id="DroidControl-anim" name="DroidControl"><animation><source id="DroidControl-Matrix-animation-input"><float_array id="DroidControl-Matrix-animation-input-array" count="0">
</float_array><technique_common><accessor source="#DroidControl-Matrix-animation-input-array" count="0"><param name="TIME" type="float"/></accessor></technique_common></source><source id="DroidControl-Matrix-animation-output-transform"><float_array id="DroidControl-Matrix-animation-output-transform-array" count="0">
</float_array><technique_common><accessor source="#DroidControl-Matrix-animation-output-transform-array" count="0" stride="16"><param type="float4x4"/></accessor></technique_common></source><source id="DroidControl-Interpolations"><Name_array id="DroidControl-Interpolations-array" count="0">
</Name_array><technique_common><accessor source="#DroidControl-Interpolations-array" count="0"><param type="name"/></accessor></technique_common></source><sampler id="DroidControl-Matrix-animation-transform"><input semantic="INPUT" source="#DroidControl-Matrix-animation-input"/><input semantic="OUTPUT" source="#DroidControl-Matrix-animation-output-transform"/><input semantic="INTERPOLATION" source="#DroidControl-Interpolations"/></sampler><channel source="#DroidControl-Matrix-animation-transform" target="DroidControl/matrix"/></animation></animation>
    <animation id="Pelvis-anim" name="Pelvis"><animation><source id="Pelvis-Matrix-animation-input"><float_array id="Pelvis-Matrix-animation-input-array" count="51">

0.000000 0.033333 0.066667 0.100000 0.133333 0.166667 0.200000 0.233333 0.266667 0.300000 0.333333 0.366667 0.400000 0.433333 0.466667 0.500000
0.533333 0.566667 0.600000 0.633333 0.666667 0.700000 0.733333 0.766667 0.800000 0.833333 0.866667 0.900000 0.933333 0.966667 1.000000 1.033333
1.066667 1.100000 1.133333 1.166667 1.200000 1.233333 1.266667 1.300000 1.333333 1.366667 1.400000 1.433333 1.466667 1.500000 1.533333 1.566667
1.600000 1.633333 1.666667</float_array><technique_common><accessor source="#Pelvis-Matrix-animation-input-array" count="51"><param name="TIME" type="float"/></accessor></technique_common></source><source id="Pelvis-Matrix-animation-output-transform"><float_array id="Pelvis-Matrix-animation-output-transform-array" count="816">

0.000000 0.023033 0.999735 0.976271 1.000000 -0.000000 -0.000000 69.491127 0.000000 0.999735 -0.023033 6.353718 0.000000 0.000000 0.000000 1.000000
0.001490 0.023064 0.999733 1.028024 0.999112 0.042070 -0.002459 67.314232 -0.042115 0.998849 -0.022981 8.214984 0.000000 0.000000 0.000000 1.000000
0.002750 0.023231 0.999726 1.152524 0.989713 0.142942 -0.006044 61.842968 -0.143044 0.989458 -0.022599 12.841425 0.000000 0.000000 0.000000 1.000000
-0.000019 0.023031 0.999735 1.301374 0.965144 0.261652 -0.006009 54.759148 -0.261721 0.964888 -0.022233 18.717281 0.000000 0.000000 0.000000 1.000000
-0.005822 0.021954 0.999742 1.426177 0.933602 0.358305 -0.002431 47.744671 -0.358266 0.933347 -0.022583 24.326717 0.000000 0.000000 0.000000 1.000000
-0.009162 0.021133 0.999735 1.478533 0.917477 0.397789 0.000000 42.481445 -0.397683 0.917234 -0.023033 28.153885 0.000000 0.000000 0.000000 1.000000
-0.008931 0.021231 0.999735 1.470155 0.921763 0.387754 0.000000 38.933380 -0.387651 0.921519 -0.023033 30.206573 0.000000 0.000000 0.000000 1.000000
-0.008349 0.021467 0.999735 1.447905 0.931996 0.362468 0.000000 35.895523 -0.362372 0.931749 -0.023033 31.590878 0.000000 0.000000 0.000000 1.000000
-0.007583 0.021749 0.999735 1.416102 0.944262 0.329197 0.000000 33.296486 -0.329109 0.944011 -0.023033 32.438427 0.000000 0.000000 0.000000 1.000000
-0.006807 0.022004 0.999735 1.379068 0.955340 0.295511 0.000000 31.064880 -0.295432 0.955086 -0.023033 32.880852 0.000000 0.000000 0.000000 1.000000
-0.006204 0.022182 0.999735 1.341125 0.963044 0.269343 0.000000 29.129318 -0.269272 0.962789 -0.023033 33.049778 0.000000 0.000000 0.000000 1.000000
-0.005961 0.022248 0.999735 1.306595 0.965926 0.258819 0.000000 27.418407 -0.258751 0.965670 -0.023033 33.076836 0.000000 0.000000 0.000000 1.000000
0.005626 0.025128 0.999668 1.269639 0.965528 0.260025 -0.011969 26.034334 -0.260239 0.965275 -0.022798 32.878826 0.000000 0.000000 0.000000 1.000000
0.036282 0.032968 0.998798 1.225634 0.964019 0.262222 -0.043674 25.054647 -0.263347 0.964444 -0.022268 32.318539 0.000000 0.000000 0.000000 1.000000
0.080513 0.044556 0.995757 1.180719 0.960859 0.262210 -0.089424 24.371002 -0.265082 0.963982 -0.021701 31.446587 0.000000 0.000000 0.000000 1.000000
0.133171 0.058491 0.989366 1.141036 0.955348 0.258103 -0.143851 23.875055 -0.263773 0.964345 -0.021507 30.313581 0.000000 0.000000 0.000000 1.000000
0.189280 0.073501 0.979168 1.112723 0.946520 0.251698 -0.201862 23.458466 -0.261292 0.965011 -0.021929 28.970139 0.000000 0.000000 0.000000 1.000000
0.243973 0.089217 0.965669 1.101921 0.933013 0.250000 -0.258819 23.012886 -0.264509 0.964127 -0.022248 27.466869 0.000000 0.000000 0.000000 1.000000
0.299014 0.107337 0.948193 1.997146 0.914646 0.251052 -0.316854 22.628033 -0.272056 0.962004 -0.023107 25.583204 0.000000 0.000000 0.000000 1.000000
0.358930 0.127670 0.924592 4.426626 0.891940 0.244921 -0.380074 22.414974 -0.274976 0.961101 -0.025964 23.212358 0.000000 0.000000 0.000000 1.000000
0.422313 0.148201 0.894253 8.006062 0.864163 0.231983 -0.446549 22.297417 -0.273630 0.961364 -0.030101 20.575617 0.000000 0.000000 0.000000 1.000000
0.487592 0.167172 0.856917 12.351154 0.830529 0.213833 -0.514293 22.199066 -0.269213 0.962460 -0.034578 17.894264 0.000000 0.000000 0.000000 1.000000
0.553137 0.183425 0.812647 17.077608 0.790212 0.193394 -0.581518 22.043625 -0.263825 0.963823 -0.037971 15.389588 0.000000 0.000000 0.000000 1.000000
0.617278 0.196751 0.761746 21.801121 0.742375 0.174895 -0.646755 21.754799 -0.260476 0.964729 -0.038104 13.282873 0.000000 0.000000 0.000000 1.000000
0.678220 0.208222 0.704742 26.137400 0.686190 0.163758 -0.708751 21.256290 -0.262984 0.964276 -0.031816 11.795404 0.000000 0.000000 0.000000 1.000000
0.733785 0.220463 0.642617 29.702143 0.620884 0.166366 -0.766045 20.471806 -0.275793 0.961103 -0.014805 11.148468 0.000000 0.000000 0.000000 1.000000
0.794082 0.241805 0.557641 32.767948 0.520255 0.203977 -0.829294 18.453260 -0.314273 0.948643 0.036175 11.041484 0.000000 0.000000 0.000000 1.000000
0.847330 0.284011 0.448742 35.680954 0.374474 0.279621 -0.884071 15.017852 -0.376563 0.917142 0.130577 11.000810 0.000000 0.000000 0.000000 1.000000
0.871377 0.345214 0.348612 38.167171 0.217157 0.365781 -0.905013 11.237212 -0.439938 0.864310 0.243768 10.988144 0.000000 0.000000 0.000000 1.000000
0.869647 0.404261 0.283349 39.952621 0.091224 0.432482 -0.897017 8.182966 -0.485172 0.805936 0.339229 10.965182 0.000000 0.000000 0.000000 1.000000
0.864013 0.430372 0.261268 40.763317 0.040160 0.458370 -0.887855 6.926744 -0.501865 0.777610 0.378754 10.893621 0.000000 0.000000 0.000000 1.000000
0.864013 0.430372 0.261268 40.983311 0.040160 0.458370 -0.887855 6.926744 -0.501865 0.777610 0.378754 10.777265 0.000000 0.000000 0.000000 1.000000
0.864013 0.430372 0.261268 41.180172 0.040160 0.458370 -0.887855 6.926744 -0.501865 0.777610 0.378754 10.646992 0.000000 0.000000 0.000000 1.000000
0.864013 0.430372 0.261268 41.355179 0.040160 0.458370 -0.887855 6.926744 -0.501865 0.777610 0.378754 10.505112 0.000000 0.000000 0.000000 1.000000
0.864013 0.430372 0.261268 41.509624 0.040160 0.458370 -0.887855 6.926744 -0.501865 0.777610 0.378754 10.353935 0.000000 0.000000 0.000000 1.000000
0.864013 0.430372 0.261268 41.644794 0.040160 0.458370 -0.887855 6.926744 -0.501865 0.777610 0.378754 10.195772 0.000000 0.000000 0.000000 1.000000
0.864013 0.430372 0.261268 41.761967 0.040160 0.458370 -0.887855 6.926744 -0.501865 0.777610 0.378754 10.032931 0.000000 0.000000 0.000000 1.000000
0.864013 0.430372 0.261268 41.862431 0.040160 0.458370 -0.887855 6.926744 -0.501865 0.777610 0.378754 9.867723 0.000000 0.000000 0.000000 1.000000
0.864013 0.430372 0.261268 41.947472 0.040160 0.458370 -0.887855 6.926744 -0.501865 0.777610 0.378754 9.702459 0.000000 0.000000 0.000000 1.000000
0.864013 0.430372 0.261268 42.018375 0.040160 0.458370 -0.887855 6.926744 -0.501865 0.777610 0.378754 9.539447 0.000000 0.000000 0.000000 1.000000
0.864013 0.430372 0.261268 42.076427 0.040160 0.458370 -0.887855 6.926744 -0.501865 0.777610 0.378754 9.380997 0.000000 0.000000 0.000000 1.000000
0.864013 0.430372 0.261268 42.122910 0.040160 0.458370 -0.887855 6.926744 -0.501865 0.777610 0.378754 9.229419 0.000000 0.000000 0.000000 1.000000
0.864013 0.430372 0.261268 42.159111 0.040160 0.458370 -0.887855 6.926744 -0.501865 0.777610 0.378754 9.087024 0.000000 0.000000 0.000000 1.000000
0.864013 0.430372 0.261268 42.186317 0.040160 0.458370 -0.887855 6.926745 -0.501865 0.777610 0.378754 8.956120 0.000000 0.000000 0.000000 1.000000
0.864013 0.430372 0.261268 42.205811 0.040160 0.458370 -0.887855 6.926745 -0.501865 0.777610 0.378754 8.839018 0.000000 0.000000 0.000000 1.000000
0.864013 0.430372 0.261268 42.218876 0.040160 0.458370 -0.887855 6.926745 -0.501865 0.777610 0.378754 8.738028 0.000000 0.000000 0.000000 1.000000
0.864013 0.430372 0.261268 42.226803 0.040160 0.458370 -0.887855 6.926745 -0.501865 0.777610 0.378754 8.655458 0.000000 0.000000 0.000000 1.000000
0.864013 0.430372 0.261268 42.230873 0.040160 0.458370 -0.887855 6.926745 -0.501865 0.777610 0.378754 8.593621 0.000000 0.000000 0.000000 1.000000
0.864013 0.430372 0.261268 42.232372 0.040160 0.458370 -0.887855 6.926745 -0.501865 0.777610 0.378754 8.554824 0.000000 0.000000 0.000000 1.000000
0.864013 0.430372 0.261268 42.232586 0.040160 0.458370 -0.887855 6.926745 -0.501865 0.777610 0.378754 8.541379 0.000000 0.000000 0.000000 1.000000
0.864013 0.430372 0.261268 42.232586 0.040160 0.458370 -0.887855 6.926745 -0.501865 0.777610 0.378754 8.541379 0.000000 0.000000 0.000000 1.000000</float_array><technique_common><accessor source="#Pelvis-Matrix-animation-output-transform-array" count="51" stride="16"><param type="float4x4"/></accessor></technique_common></source><source id="Pelvis-Interpolations"><Name_array id="Pelvis-Interpolations-array" count="51">
 LINEAR LINEAR LINEAR LINEAR LINEAR LINEAR LINEAR LINEAR LINEAR LINEAR LINEAR
LINEAR LINEAR LINEAR LINEAR LINEAR LINEAR LINEAR LINEAR LINEAR LINEAR LINEAR LINEAR
LINEAR LINEAR LINEAR LINEAR LINEAR LINEAR LINEAR LINEAR LINEAR LINEAR LINEAR LINEAR
LINEAR LINEAR LINEAR LINEAR LINEAR LINEAR LINEAR LINEAR LINEAR LINEAR LINEAR LINEAR
LINEAR LINEAR LINEAR LINEAR</Name_array><technique_common><accessor source="#Pelvis-Interpolations-array" count="51"><param type="name"/></accessor></technique_common></source><sampler id="Pelvis-Matrix-animation-transform"><input semantic="INPUT" source="#Pelvis-Matrix-animation-input"/><input semantic="OUTPUT" source="#Pelvis-Matrix-animation-output-transform"/><input semantic="INTERPOLATION" source="#Pelvis-Interpolations"/></sampler><channel source="#Pelvis-Matrix-animation-transform" target="Pelvis/matrix"/></animation></animation>
    <animation id="LLeg1-anim" name="LLeg1"><animation><source id="LLeg1-Matrix-animation-input"><float_array id="LLeg1-Matrix-animation-input-array" count="51">

0.000000 0.033333 0.066667 0.100000 0.133333 0.166667 0.200000 0.233333 0.266667 0.300000 0.333333 0.366667 0.400000 0.433333 0.466667 0.500000
0.533333 0.566667 0.600000 0.633333 0.666667 0.700000 0.733333 0.766667 0.800000 0.833333 0.866667 0.900000 0.933333 0.966667 1.000000 1.033333
1.066667 1.100000 1.133333 1.166667 1.200000 1.233333 1.266667 1.300000 1.333333 1.366667 1.400000 1.433333 1.466667 1.500000 1.533333 1.566667
1.600000 1.633333 1.666667</float_array><technique_common><accessor source="#LLeg1-Matrix-animation-input-array" count="51"><param name="TIME" type="float"/></accessor></technique_common></source><source id="LLeg1-Matrix-animation-output-transform"><float_array id="LLeg1-Matrix-animation-output-transform-array" count="816">

-0.899221 0.431485 -0.072262 0.000000 0.432289 0.901722 0.004924 -0.000000 0.067285 -0.026811 -0.997374 7.451145 0.000000 0.000000 0.000000 1.000000
-0.890071 0.449285 -0.076922 -0.000015 0.450258 0.892883 0.005171 0.000002 0.071005 -0.030032 -0.997024 7.451145 0.000000 0.000000 0.000000 1.000000
-0.890380 0.446472 -0.088801 -0.000008 0.447877 0.894084 0.004533 0.000002 0.081420 -0.035736 -0.996039 7.451146 0.000000 0.000000 0.000000 1.000000
-0.917036 0.384710 -0.105087 -0.000015 0.386806 0.922161 0.000474 0.000000 0.097089 -0.040213 -0.994463 7.451146 0.000000 0.000000 0.000000 1.000000
-0.951388 0.282122 -0.123566 -0.000011 0.285314 0.958396 -0.008581 0.000000 0.116004 -0.043418 -0.992299 7.451146 0.000000 0.000000 0.000000 1.000000
-0.968279 0.207266 -0.139560 -0.000013 0.211957 0.977085 -0.019462 0.000004 0.132329 -0.048426 -0.990022 7.451145 0.000000 0.000000 0.000000 1.000000
-0.969714 0.192513 -0.150312 -0.000015 0.198736 0.979670 -0.027401 0.000004 0.141981 -0.056443 -0.988259 7.451146 0.000000 0.000000 0.000000 1.000000
-0.967197 0.198355 -0.158698 -0.000015 0.206100 0.977948 -0.033768 0.000000 0.148500 -0.065368 -0.986750 7.451147 0.000000 0.000000 0.000000 1.000000
-0.961673 0.218672 -0.165431 -0.000013 0.227887 0.972918 -0.038701 0.000000 0.152488 -0.074917 -0.985462 7.451146 0.000000 0.000000 0.000000 1.000000
-0.954199 0.245256 -0.171329 -0.000015 0.255914 0.965751 -0.042823 0.000000 0.154959 -0.084707 -0.984283 7.451146 0.000000 0.000000 0.000000 1.000000
-0.946833 0.268527 -0.177201 -0.000015 0.280680 0.958649 -0.047030 0.000000 0.157245 -0.094267 -0.983050 7.451146 0.000000 0.000000 0.000000 1.000000
-0.942835 0.277989 -0.183806 -0.000013 0.291807 0.955040 -0.052422 0.000004 0.160969 -0.103061 -0.981564 7.451146 0.000000 0.000000 0.000000 1.000000
-0.939131 0.280328 -0.198619 -0.000015 0.297776 0.952514 -0.063612 0.000004 0.171355 -0.118884 -0.978010 7.451146 0.000000 0.000000 0.000000 1.000000
-0.929906 0.290514 -0.225555 -0.000016 0.315386 0.945359 -0.082637 0.000004 0.189223 -0.147981 -0.970719 7.451146 0.000000 0.000000 0.000000 1.000000
-0.914159 0.310001 -0.261173 -0.000014 0.346600 0.931883 -0.107065 0.000000 0.210193 -0.188397 -0.959336 7.451146 0.000000 0.000000 0.000000 1.000000
-0.890851 0.338445 -0.303049 -0.000015 0.391621 0.910214 -0.134696 0.000004 0.230252 -0.238675 -0.943408 7.451146 0.000000 0.000000 0.000000 1.000000
-0.860054 0.372041 -0.349131 -0.000015 0.446952 0.879414 -0.163907 0.000000 0.246051 -0.297014 -0.922628 7.451146 0.000000 0.000000 0.000000 1.000000
-0.824704 0.402854 -0.396954 -0.000014 0.504465 0.841293 -0.194271 -0.000004 0.255691 -0.360465 -0.897043 7.451146 0.000000 0.000000 0.000000 1.000000
-0.782236 0.456950 -0.423442 -0.000012 0.575115 0.790956 -0.208879 0.000002 0.239477 -0.406921 -0.881514 7.451146 0.000000 0.000000 0.000000 1.000000
-0.716896 0.564927 -0.408555 -0.000015 0.672329 0.715261 -0.190722 0.000002 0.184479 -0.411412 -0.892585 7.451145 0.000000 0.000000 0.000000 1.000000
-0.598905 0.730802 -0.327477 -0.000013 0.794271 0.594260 -0.126443 -0.000000 0.102202 -0.335833 -0.936361 7.451145 0.000000 0.000000 0.000000 1.000000
-0.431556 0.887465 -0.161760 -0.000015 0.901076 0.432567 -0.030767 0.000002 0.042667 -0.159036 -0.986350 7.451148 0.000000 0.000000 0.000000 1.000000
-0.325374 0.945336 0.021755 -0.000015 0.945330 0.324666 0.030685 -0.000002 0.021945 0.030550 -0.999292 7.451144 0.000000 0.000000 0.000000 1.000000
-0.325954 0.934963 0.139999 -0.000011 0.945371 0.323155 0.042938 0.000000 -0.005096 0.146347 -0.989220 7.451144 0.000000 0.000000 0.000000 1.000000
-0.394620 0.899814 0.186041 -0.000015 0.917949 0.395001 0.036636 0.000000 -0.040521 0.185234 -0.981859 7.451146 0.000000 0.000000 0.000000 1.000000
-0.497101 0.847775 0.184847 -0.000015 0.865103 0.500684 0.030175 0.000002 -0.066968 0.174912 -0.982304 7.451147 0.000000 0.000000 0.000000 1.000000
-0.613177 0.775151 0.152167 -0.000015 0.786621 0.616814 0.027706 0.000000 -0.072382 0.136686 -0.987966 7.451144 0.000000 0.000000 0.000000 1.000000
-0.734632 0.671241 0.098749 -0.000017 0.676276 0.736148 0.027149 0.000002 -0.054470 0.086726 -0.994742 7.451145 0.000000 0.000000 0.000000 1.000000
-0.843829 0.534668 0.045644 -0.000017 0.536049 0.843784 0.026080 0.000000 -0.024570 0.046474 -0.998617 7.451146 0.000000 0.000000 0.000000 1.000000
-0.918834 0.394536 0.009220 -0.000017 0.394642 0.918514 0.024264 0.000000 0.001104 0.025933 -0.999663 7.451145 0.000000 0.000000 0.000000 1.000000
-0.951605 0.307249 -0.006862 -0.000015 0.307030 0.951432 0.022570 0.000002 0.013464 0.019371 -0.999722 7.451146 0.000000 0.000000 0.000000 1.000000
-0.959011 0.283193 -0.010001 -0.000015 0.282931 0.958892 0.021806 0.000000 0.015766 0.018082 -0.999712 7.451146 0.000000 0.000000 0.000000 1.000000
-0.960598 0.277763 -0.009943 -0.000017 0.277503 0.960478 0.021776 -0.000002 0.015599 0.018159 -0.999714 7.451147 0.000000 0.000000 0.000000 1.000000
-0.961950 0.273043 -0.010032 -0.000013 0.272783 0.961831 0.021705 -0.000002 0.015575 0.018142 -0.999714 7.451146 0.000000 0.000000 0.000000 1.000000
-0.963089 0.268989 -0.010250 -0.000013 0.268727 0.962974 0.021597 -0.000002 0.015680 0.018045 -0.999714 7.451146 0.000000 0.000000 0.000000 1.000000
-0.964038 0.265554 -0.010579 -0.000017 0.265289 0.963930 0.021459 -0.000002 0.015896 0.017881 -0.999714 7.451146 0.000000 0.000000 0.000000 1.000000
-0.964817 0.262691 -0.011001 -0.000015 0.262422 0.964718 0.021297 0.000002 0.016208 0.017661 -0.999713 7.451148 0.000000 0.000000 0.000000 1.000000
-0.965445 0.260354 -0.011498 -0.000015 0.260078 0.965357 0.021117 -0.000002 0.016597 0.017397 -0.999711 7.451148 0.000000 0.000000 0.000000 1.000000
-0.965937 0.258494 -0.012053 -0.000017 0.258213 0.965861 0.020923 -0.000002 0.017050 0.017098 -0.999709 7.451146 0.000000 0.000000 0.000000 1.000000
-0.966312 0.257062 -0.012649 -0.000013 0.256774 0.966249 0.020721 -0.000002 0.017548 0.016775 -0.999705 7.451146 0.000000 0.000000 0.000000 1.000000
-0.966584 0.256008 -0.013268 -0.000015 0.255714 0.966535 0.020516 -0.000002 0.018076 0.016437 -0.999702 7.451144 0.000000 0.000000 0.000000 1.000000
-0.966766 0.255284 -0.013894 -0.000019 0.254983 0.966732 0.020313 -0.000002 0.018617 0.016095 -0.999697 7.451146 0.000000 0.000000 0.000000 1.000000
-0.966875 0.254839 -0.014510 -0.000011 0.254532 0.966855 0.020116 0.000000 0.019155 0.015757 -0.999692 7.451146 0.000000 0.000000 0.000000 1.000000
-0.966923 0.254621 -0.015099 -0.000015 0.254308 0.966918 0.019931 0.000000 0.019674 0.015432 -0.999687 7.451146 0.000000 0.000000 0.000000 1.000000
-0.966925 0.254581 -0.015644 -0.000015 0.254264 0.966933 0.019762 0.000000 0.020158 0.015131 -0.999682 7.451146 0.000000 0.000000 0.000000 1.000000
-0.966895 0.254667 -0.016128 -0.000019 0.254345 0.966915 0.019614 -0.000000 0.020589 0.014862 -0.999678 7.451146 0.000000 0.000000 0.000000 1.000000
-0.966845 0.254826 -0.016534 -0.000015 0.254501 0.966876 0.019490 0.000002 0.020953 0.014636 -0.999673 7.451146 0.000000 0.000000 0.000000 1.000000
-0.966792 0.255008 -0.016845 -0.000015 0.254680 0.966831 0.019397 -0.000000 0.021232 0.014463 -0.999670 7.451146 0.000000 0.000000 0.000000 1.000000
-0.966750 0.255156 -0.017044 -0.000019 0.254827 0.966793 0.019337 0.000002 0.021412 0.014351 -0.999668 7.451146 0.000000 0.000000 0.000000 1.000000
-0.966732 0.255219 -0.017114 -0.000015 0.254889 0.966778 0.019316 -0.000000 0.021475 0.014311 -0.999667 7.451145 0.000000 0.000000 0.000000 1.000000
-0.966732 0.255218 -0.017114 -0.000015 0.254888 0.966778 0.019316 -0.000000 0.021475 0.014311 -0.999667 7.451145 0.000000 0.000000 0.000000 1.000000</float_array><technique_common><accessor source="#LLeg1-Matrix-animation-output-transform-array" count="51" stride="16"><param type="float4x4"/></accessor></technique_common></source><source id="LLeg1-Interpolations"><Name_array id="LLeg1-Interpolations-array" count="51">
 LINEAR LINEAR LINEAR LINEAR LINEAR LINEAR LINEAR LINEAR LINEAR LINEAR LINEAR
LINEAR LINEAR LINEAR LINEAR LINEAR LINEAR LINEAR LINEAR LINEAR LINEAR LINEAR LINEAR
LINEAR LINEAR LINEAR LINEAR LINEAR LINEAR LINEAR LINEAR LINEAR LINEAR LINEAR LINEAR
LINEAR LINEAR LINEAR LINEAR LINEAR LINEAR LINEAR LINEAR LINEAR LINEAR LINEAR LINEAR
LINEAR LINEAR LINEAR LINEAR</Name_array><technique_common><accessor source="#LLeg1-Interpolations-array" count="51"><param type="name"/></accessor></technique_common></source><sampler id="LLeg1-Matrix-animation-transform"><input semantic="INPUT" source="#LLeg1-Matrix-animation-input"/><input semantic="OUTPUT" source="#LLeg1-Matrix-animation-output-transform"/><input semantic="INTERPOLATION" source="#LLeg1-Interpolations"/></sampler><channel source="#LLeg1-Matrix-animation-transform" target="LLeg1/matrix"/></animation></animation>
    <animation id="LLeg2-anim" name="LLeg2"><animation><source id="LLeg2-Matrix-animation-input"><float_array id="LLeg2-Matrix-animation-input-array" count="51">

0.000000 0.033333 0.066667 0.100000 0.133333 0.166667 0.200000 0.233333 0.266667 0.300000 0.333333 0.366667 0.400000 0.433333 0.466667 0.500000
0.533333 0.566667 0.600000 0.633333 0.666667 0.700000 0.733333 0.766667 0.800000 0.833333 0.866667 0.900000 0.933333 0.966667 1.000000 1.033333
1.066667 1.100000 1.133333 1.166667 1.200000 1.233333 1.266667 1.300000 1.333333 1.366667 1.400000 1.433333 1.466667 1.500000 1.533333 1.566667
1.600000 1.633333 1.666667</float_array><technique_common><accessor source="#LLeg2-Matrix-animation-input-array" count="51"><param name="TIME" type="float"/></accessor></technique_common></source><source id="LLeg2-Matrix-animation-output-transform"><float_array id="LLeg2-Matrix-animation-output-transform-array" count="816">

0.729395 0.684069 0.005659 30.975607 -0.684070 0.729414 -0.002095 -0.000034 -0.005560 -0.002343 0.999982 -0.000006 0.000000 0.000000 0.000000 1.000000
0.617485 0.786555 0.006516 30.975611 -0.786556 0.617511 -0.003030 -0.000034 -0.006407 -0.003255 0.999974 -0.000006 0.000000 0.000000 0.000000 1.000000
0.365702 0.930700 0.007698 30.975607 -0.930701 0.365745 -0.005102 -0.000038 -0.007564 -0.005298 0.999957 -0.000005 0.000000 0.000000 0.000000 1.000000
0.098680 0.995085 0.008206 30.975603 -0.995086 0.098740 -0.007306 -0.000038 -0.008081 -0.007445 0.999940 -0.000006 0.000000 0.000000 0.000000 1.000000
-0.104986 0.994440 0.008225 30.975607 -0.994441 -0.104912 -0.008995 -0.000038 -0.008082 -0.009123 0.999926 -0.000006 0.000000 0.000000 0.000000 1.000000
-0.223503 0.974670 0.008061 30.975611 -0.974671 -0.223421 -0.009975 -0.000034 -0.007921 -0.010087 0.999918 -0.000004 0.000000 0.000000 0.000000 1.000000
-0.294942 0.955483 0.007902 30.975607 -0.955483 -0.294855 -0.010565 -0.000034 -0.007765 -0.010667 0.999913 -0.000006 0.000000 0.000000 0.000000 1.000000
-0.352976 0.935600 0.007738 30.975611 -0.935601 -0.352885 -0.011046 -0.000034 -0.007604 -0.011139 0.999909 -0.000006 0.000000 0.000000 0.000000 1.000000
-0.402456 0.915408 0.007571 30.975607 -0.915409 -0.402362 -0.011455 -0.000038 -0.007440 -0.011541 0.999906 -0.000006 0.000000 0.000000 0.000000 1.000000
-0.446053 0.894976 0.007402 30.975609 -0.894977 -0.445955 -0.011815 -0.000034 -0.007273 -0.011895 0.999903 -0.000007 0.000000 0.000000 0.000000 1.000000
-0.484956 0.874508 0.007233 30.975603 -0.874509 -0.484857 -0.012137 -0.000038 -0.007107 -0.012211 0.999900 -0.000006 0.000000 0.000000 0.000000 1.000000
-0.519114 0.854675 0.007121 30.975609 -0.854677 -0.519013 -0.012334 -0.000034 -0.006846 -0.012489 0.999899 -0.000006 0.000000 0.000000 0.000000 1.000000
-0.551608 0.834075 0.006898 30.975607 -0.834076 -0.551504 -0.012688 -0.000038 -0.006778 -0.012753 0.999896 -0.000004 0.000000 0.000000 0.000000 1.000000
-0.584079 0.811669 0.006734 30.975609 -0.811670 -0.583973 -0.012928 -0.000034 -0.006560 -0.013017 0.999894 -0.000006 0.000000 0.000000 0.000000 1.000000
-0.618446 0.785800 0.006530 30.975607 -0.785801 -0.618338 -0.013202 -0.000034 -0.006337 -0.013296 0.999892 -0.000005 0.000000 0.000000 0.000000 1.000000
-0.654151 0.756338 0.006256 30.975609 -0.756339 -0.654040 -0.013536 -0.000034 -0.006147 -0.013586 0.999889 -0.000006 0.000000 0.000000 0.000000 1.000000
-0.690738 0.723081 0.005981 30.975609 -0.723082 -0.690624 -0.013839 -0.000034 -0.005876 -0.013884 0.999886 -0.000005 0.000000 0.000000 0.000000 1.000000
-0.728185 0.685358 0.005669 30.975609 -0.685359 -0.728068 -0.014149 -0.000034 -0.005570 -0.014188 0.999884 -0.000008 0.000000 0.000000 0.000000 1.000000
-0.771434 0.636287 0.005263 30.975601 -0.636288 -0.771315 -0.014506 -0.000032 -0.005171 -0.014539 0.999881 -0.000006 0.000000 0.000000 0.000000 1.000000
-0.819129 0.573590 0.004592 30.975607 -0.573588 -0.819006 -0.015007 -0.000034 -0.004847 -0.014927 0.999877 -0.000007 0.000000 0.000000 0.000000 1.000000
-0.858451 0.512875 0.004536 30.975609 -0.512881 -0.858328 -0.015049 -0.000034 -0.003825 -0.015245 0.999876 -0.000005 0.000000 0.000000 0.000000 1.000000
-0.867642 0.497173 0.004112 30.975609 -0.497173 -0.867517 -0.015302 -0.000034 -0.004040 -0.015321 0.999874 -0.000008 0.000000 0.000000 0.000000 1.000000
-0.824191 0.566293 0.004684 30.975605 -0.566293 -0.824069 -0.014942 -0.000034 -0.004602 -0.014968 0.999878 -0.000008 0.000000 0.000000 0.000000 1.000000
-0.717800 0.696226 0.005759 30.975609 -0.696226 -0.717685 -0.014064 -0.000034 -0.005659 -0.014105 0.999885 -0.000005 0.000000 0.000000 0.000000 1.000000
-0.554870 0.831909 0.006880 30.975605 -0.831908 -0.554767 -0.012713 -0.000034 -0.006760 -0.012777 0.999896 -0.000007 0.000000 0.000000 0.000000 1.000000
-0.360208 0.932841 0.007670 30.975609 -0.932839 -0.360116 -0.011269 -0.000031 -0.007750 -0.011215 0.999907 -0.000005 0.000000 0.000000 0.000000 1.000000
-0.169260 0.985538 0.008151 30.975611 -0.985538 -0.169182 -0.009526 -0.000034 -0.008009 -0.009645 0.999922 -0.000005 0.000000 0.000000 0.000000 1.000000
0.009300 0.999923 0.008259 30.975609 -0.999923 0.009367 -0.008033 -0.000031 -0.008110 -0.008183 0.999934 -0.000007 0.000000 0.000000 0.000000 1.000000
0.176127 0.984334 0.008141 30.975605 -0.984335 0.176183 -0.006670 -0.000031 -0.008000 -0.006839 0.999945 -0.000006 0.000000 0.000000 0.000000 1.000000
0.323418 0.946224 0.007792 30.975609 -0.946226 0.323463 -0.005386 -0.000031 -0.007617 -0.005631 0.999955 -0.000005 0.000000 0.000000 0.000000 1.000000
0.427328 0.904066 0.007477 30.975603 -0.904067 0.427366 -0.004592 -0.000034 -0.007347 -0.004798 0.999961 -0.000004 0.000000 0.000000 0.000000 1.000000
0.471579 0.881794 0.007293 30.975609 -0.881796 0.471614 -0.004226 -0.000042 -0.007166 -0.004438 0.999964 -0.000007 0.000000 0.000000 0.000000 1.000000
0.481988 0.876148 0.007247 30.975607 -0.876149 0.482023 -0.004140 -0.000034 -0.007120 -0.004354 0.999965 -0.000005 0.000000 0.000000 0.000000 1.000000
0.491548 0.870821 0.007202 30.975605 -0.870822 0.491582 -0.004061 -0.000038 -0.007077 -0.004276 0.999966 -0.000005 0.000000 0.000000 0.000000 1.000000
0.500286 0.865830 0.007161 30.975605 -0.865832 0.500320 -0.003989 -0.000034 -0.007036 -0.004205 0.999967 -0.000007 0.000000 0.000000 0.000000 1.000000
0.508238 0.861187 0.007123 30.975605 -0.861189 0.508271 -0.003923 -0.000034 -0.006999 -0.004140 0.999967 -0.000004 0.000000 0.000000 0.000000 1.000000
0.515432 0.856901 0.007087 30.975609 -0.856902 0.515465 -0.003863 -0.000034 -0.006963 -0.004081 0.999967 -0.000006 0.000000 0.000000 0.000000 1.000000
0.521904 0.852975 0.007055 30.975607 -0.852976 0.521936 -0.003810 -0.000038 -0.006932 -0.004029 0.999968 -0.000008 0.000000 0.000000 0.000000 1.000000
0.527682 0.849413 0.007025 30.975611 -0.849414 0.527713 -0.003762 -0.000034 -0.006903 -0.003982 0.999968 -0.000007 0.000000 0.000000 0.000000 1.000000
0.532799 0.846213 0.006999 30.975611 -0.846214 0.532830 -0.003720 -0.000034 -0.006877 -0.003940 0.999969 -0.000006 0.000000 0.000000 0.000000 1.000000
0.537287 0.843371 0.006976 30.975609 -0.843372 0.537317 -0.003683 -0.000031 -0.006854 -0.003904 0.999969 -0.000006 0.000000 0.000000 0.000000 1.000000
0.541174 0.840882 0.006955 30.975611 -0.840883 0.541205 -0.003651 -0.000031 -0.006834 -0.003872 0.999969 -0.000008 0.000000 0.000000 0.000000 1.000000
0.544494 0.838736 0.006937 30.975609 -0.838738 0.544524 -0.003623 -0.000031 -0.006816 -0.003845 0.999969 -0.000005 0.000000 0.000000 0.000000 1.000000
0.547275 0.836924 0.006922 30.975607 -0.836925 0.547305 -0.003600 -0.000031 -0.006802 -0.003823 0.999970 -0.000007 0.000000 0.000000 0.000000 1.000000
0.549546 0.835435 0.006909 30.975607 -0.835436 0.549576 -0.003581 -0.000031 -0.006789 -0.003804 0.999970 -0.000007 0.000000 0.000000 0.000000 1.000000
0.551339 0.834253 0.006900 30.975609 -0.834254 0.551369 -0.003566 -0.000031 -0.006779 -0.003790 0.999970 -0.000009 0.000000 0.000000 0.000000 1.000000
0.552679 0.833366 0.006892 30.975607 -0.833367 0.552709 -0.003555 -0.000031 -0.006772 -0.003779 0.999970 -0.000008 0.000000 0.000000 0.000000 1.000000
0.553599 0.832755 0.006887 30.975605 -0.832756 0.553628 -0.003548 -0.000031 -0.006768 -0.003771 0.999970 -0.000008 0.000000 0.000000 0.000000 1.000000
0.554129 0.832403 0.006885 30.975605 -0.832404 0.554158 -0.003544 -0.000034 -0.006765 -0.003767 0.999970 -0.000006 0.000000 0.000000 0.000000 1.000000
0.554297 0.832290 0.006883 30.975605 -0.832292 0.554327 -0.003542 -0.000034 -0.006763 -0.003766 0.999970 -0.000006 0.000000 0.000000 0.000000 1.000000
0.554298 0.832290 0.006884 30.975609 -0.832291 0.554327 -0.003542 -0.000034 -0.006764 -0.003766 0.999970 -0.000005 0.000000 0.000000 0.000000 1.000000</float_array><technique_common><accessor source="#LLeg2-Matrix-animation-output-transform-array" count="51" stride="16"><param type="float4x4"/></accessor></technique_common></source><source id="LLeg2-Interpolations"><Name_array id="LLeg2-Interpolations-array" count="51">
 LINEAR LINEAR LINEAR LINEAR LINEAR LINEAR LINEAR LINEAR LINEAR LINEAR LINEAR
LINEAR LINEAR LINEAR LINEAR LINEAR LINEAR LINEAR LINEAR LINEAR LINEAR LINEAR LINEAR
LINEAR LINEAR LINEAR LINEAR LINEAR LINEAR LINEAR LINEAR LINEAR LINEAR LINEAR LINEAR
LINEAR LINEAR LINEAR LINEAR LINEAR LINEAR LINEAR LINEAR LINEAR LINEAR LINEAR LINEAR
LINEAR LINEAR LINEAR LINEAR</Name_array><technique_common><accessor source="#LLeg2-Interpolations-array" count="51"><param type="name"/></accessor></technique_common></source><sampler id="LLeg2-Matrix-animation-transform"><input semantic="INPUT" source="#LLeg2-Matrix-animation-input"/><input semantic="OUTPUT" source="#LLeg2-Matrix-animation-output-transform"/><input semantic="INTERPOLATION" source="#LLeg2-Interpolations"/></sampler><channel source="#LLeg2-Matrix-animation-transform" target="LLeg2/matrix"/></animation></animation>
    <animation id="LLegAnkle-anim" name="LLegAnkle"><animation><source id="LLegAnkle-Matrix-animation-input"><float_array id="LLegAnkle-Matrix-animation-input-array" count="51">

0.000000 0.033333 0.066667 0.100000 0.133333 0.166667 0.200000 0.233333 0.266667 0.300000 0.333333 0.366667 0.400000 0.433333 0.466667 0.500000
0.533333 0.566667 0.600000 0.633333 0.666667 0.700000 0.733333 0.766667 0.800000 0.833333 0.866667 0.900000 0.933333 0.966667 1.000000 1.033333
1.066667 1.100000 1.133333 1.166667 1.200000 1.233333 1.266667 1.300000 1.333333 1.366667 1.400000 1.433333 1.466667 1.500000 1.533333 1.566667
1.600000 1.633333 1.666667</float_array><technique_common><accessor source="#LLegAnkle-Matrix-animation-input-array" count="51"><param name="TIME" type="float"/></accessor></technique_common></source><source id="LLegAnkle-Matrix-animation-output-transform"><float_array id="LLegAnkle-Matrix-animation-output-transform-array" count="816">

-0.195257 -0.978036 -0.072936 42.417770 0.980650 -0.193620 -0.028942 0.000000 0.014184 -0.077176 0.996917 0.000000 0.000000 0.000000 0.000000 1.000000
-0.281884 -0.956774 -0.071585 42.417767 0.959282 -0.279656 -0.039650 -0.000000 0.017917 -0.079847 0.996646 0.000001 0.000000 0.000000 0.000000 1.000000
-0.460873 -0.885028 -0.065745 42.417763 0.887057 -0.457146 -0.064396 -0.000000 0.026937 -0.087998 0.995756 -0.000001 0.000000 0.000000 0.000000 1.000000
-0.646267 -0.761206 -0.053892 42.417763 0.762158 -0.640322 -0.095406 -0.000001 0.038115 -0.102732 0.993979 0.000000 0.000000 0.000000 0.000000 1.000000
-0.790762 -0.610940 -0.038041 42.417770 0.610262 -0.781993 -0.126754 -0.000004 0.047692 -0.123447 0.991204 0.000000 0.000000 0.000000 0.000000 1.000000
-0.875341 -0.482840 -0.025358 42.417767 0.480867 -0.863895 -0.149840 0.000001 0.050443 -0.143355 0.988385 0.000000 0.000000 0.000000 0.000000 1.000000
-0.918834 -0.394156 -0.019615 42.417767 0.391901 -0.905472 -0.162893 0.000001 0.046444 -0.157359 0.986449 -0.000001 0.000000 0.000000 0.000000 1.000000
-0.947944 -0.318029 -0.016127 42.417770 0.315918 -0.932875 -0.173034 0.000000 0.039985 -0.169121 0.984784 0.000000 0.000000 0.000000 0.000000 1.000000
-0.967134 -0.253857 -0.014423 42.417770 0.252210 -0.950568 -0.181136 -0.000001 0.032273 -0.178821 0.983352 -0.000000 0.000000 0.000000 0.000000 1.000000
-0.979663 -0.200178 -0.013730 42.417759 0.199151 -0.961729 -0.188192 0.000000 0.024467 -0.187099 0.982036 0.000000 0.000000 0.000000 0.000000 1.000000
-0.987834 -0.154965 -0.013046 42.417767 0.154511 -0.968508 -0.195240 -0.000000 0.017620 -0.194881 0.980669 0.000000 0.000000 0.000000 0.000000 1.000000
-0.993371 -0.114393 -0.011289 42.417767 0.114291 -0.972419 -0.203319 0.000000 0.012280 -0.203262 0.979047 0.000000 0.000000 0.000000 0.000000 1.000000
-0.996400 -0.083961 -0.011695 42.417767 0.084546 -0.974192 -0.209289 0.000000 0.006179 -0.209525 0.977784 -0.000000 0.000000 0.000000 0.000000 1.000000
-0.998043 -0.059806 -0.018251 42.417763 0.062309 -0.975660 -0.210249 -0.000000 -0.005232 -0.210975 0.977477 -0.000000 0.000000 0.000000 0.000000 1.000000
-0.998374 -0.048050 -0.030682 42.417767 0.053398 -0.976673 -0.207987 0.000000 -0.019973 -0.209287 0.977650 0.000001 0.000000 0.000000 0.000000 1.000000
-0.997891 -0.045060 -0.046730 42.417770 0.053718 -0.977353 -0.204685 -0.000000 -0.036448 -0.206764 0.977712 0.000000 0.000000 0.000000 0.000000 1.000000
-0.996747 -0.048227 -0.064575 42.417767 0.060417 -0.977393 -0.202616 0.000000 -0.053343 -0.205858 0.977127 0.000000 0.000000 0.000000 0.000000 1.000000
-0.994942 -0.058036 -0.081992 42.417767 0.073765 -0.976154 -0.204163 0.000000 -0.068188 -0.209178 0.975497 0.000000 0.000000 0.000000 0.000000 1.000000
-0.992355 -0.084326 -0.090120 42.417767 0.099225 -0.979330 -0.176257 -0.000000 -0.073394 -0.183852 0.980210 -0.000000 0.000000 0.000000 0.000000 1.000000
-0.986618 -0.143650 -0.077138 42.417767 0.150016 -0.985084 -0.084289 -0.000000 -0.063879 -0.094733 0.993451 0.000000 0.000000 0.000000 0.000000 1.000000
-0.975787 -0.218093 -0.016577 42.417763 0.215702 -0.972099 0.092175 0.000000 -0.036217 0.086367 0.995605 0.000000 0.000000 0.000000 0.000000 1.000000
-0.954907 -0.265088 0.133720 42.417763 0.294298 -0.904644 0.308233 0.000000 0.039260 0.333687 0.941866 0.000001 0.000000 0.000000 0.000000 1.000000
-0.919200 -0.242856 0.309988 42.417770 0.364064 -0.824131 0.433896 0.000000 0.150096 0.511692 0.845956 -0.000000 0.000000 0.000000 0.000000 1.000000
-0.874846 -0.213759 0.434686 42.417767 0.405715 -0.813618 0.416439 0.000001 0.264651 0.540679 0.798515 -0.000000 0.000000 0.000000 0.000000 1.000000
-0.835722 -0.258728 0.484385 42.417763 0.427729 -0.859875 0.278681 -0.000002 0.344408 0.440085 0.829282 0.000000 0.000000 0.000000 0.000000 1.000000
-0.813376 -0.389608 0.432000 42.417770 0.460418 -0.885041 0.068691 0.000000 0.355574 0.254772 0.899254 -0.000001 0.000000 0.000000 0.000000 1.000000
-0.787758 -0.556456 0.264185 42.417763 0.547797 -0.828990 -0.112666 -0.000002 0.281701 0.055967 0.957869 -0.000000 0.000000 0.000000 0.000000 1.000000
-0.712672 -0.701428 0.009887 42.417770 0.688635 -0.702222 -0.180735 0.000000 0.133715 -0.121996 0.983482 0.000000 0.000000 0.000000 0.000000 1.000000
-0.563516 -0.782325 -0.265362 42.417767 0.824540 -0.552402 -0.122413 -0.000000 -0.050820 -0.287784 0.956346 -0.000000 0.000000 0.000000 0.000000 1.000000
-0.372242 -0.792800 -0.482602 42.417770 0.903895 -0.427719 0.005445 0.000002 -0.210735 -0.434195 0.875823 0.000003 0.000000 0.000000 0.000000 1.000000
-0.208889 -0.768066 -0.605342 42.417767 0.935069 -0.338134 0.106359 -0.000004 -0.286377 -0.543819 0.788828 -0.000001 0.000000 0.000000 0.000000 1.000000
-0.141043 -0.752894 -0.642851 42.417770 0.944359 -0.297213 0.140896 0.000002 -0.297143 -0.587209 0.752922 0.000000 0.000000 0.000000 0.000000 1.000000
-0.135227 -0.754773 -0.641897 42.417767 0.945182 -0.292610 0.144947 0.000000 -0.297228 -0.587108 0.752967 -0.000001 0.000000 0.000000 0.000000 1.000000
-0.129508 -0.756499 -0.641044 42.417770 0.945974 -0.288064 0.148835 -0.000000 -0.297255 -0.587135 0.752936 0.000000 0.000000 0.000000 0.000000 1.000000
-0.123919 -0.758075 -0.640286 42.417770 0.946730 -0.283604 0.152550 -0.000002 -0.297232 -0.587274 0.752837 0.000000 0.000000 0.000000 0.000000 1.000000
-0.118832 -0.759470 -0.639596 42.417767 0.947393 -0.279534 0.155907 -0.000002 -0.297195 -0.587422 0.752735 -0.000002 0.000000 0.000000 0.000000 1.000000
-0.113584 -0.760773 -0.639002 42.417763 0.948115 -0.275228 0.159148 -0.000002 -0.296947 -0.587770 0.752562 -0.000004 0.000000 0.000000 0.000000 1.000000
-0.108243 -0.761946 -0.638531 42.417767 0.948747 -0.271017 0.162569 0.000000 -0.296922 -0.588207 0.752230 0.000000 0.000000 0.000000 0.000000 1.000000
-0.103480 -0.762968 -0.638100 42.417763 0.949330 -0.267174 0.165505 -0.000000 -0.296759 -0.588640 0.751956 0.000001 0.000000 0.000000 0.000000 1.000000
-0.098995 -0.763866 -0.637737 42.417767 0.949865 -0.263548 0.168226 -0.000002 -0.296576 -0.589110 0.751660 0.000000 0.000000 0.000000 0.000000 1.000000
-0.094815 -0.764646 -0.637438 42.417767 0.950352 -0.260163 0.170723 0.000000 -0.296380 -0.589603 0.751351 0.000002 0.000000 0.000000 0.000000 1.000000
-0.090967 -0.765315 -0.637195 42.417770 0.950792 -0.257042 0.172989 0.000000 -0.296177 -0.590103 0.751038 0.000000 0.000000 0.000000 0.000000 1.000000
-0.087476 -0.765881 -0.637004 42.417770 0.951183 -0.254206 0.175017 0.000000 -0.295973 -0.590597 0.750730 0.000000 0.000000 0.000000 0.000000 1.000000
-0.084370 -0.766349 -0.636860 42.417770 0.951525 -0.251681 0.176798 -0.000004 -0.295775 -0.591071 0.750435 0.000001 0.000000 0.000000 0.000000 1.000000
-0.081673 -0.766728 -0.636756 42.417763 0.951818 -0.249485 0.178326 -0.000002 -0.295588 -0.591511 0.750162 -0.000001 0.000000 0.000000 0.000000 1.000000
-0.079410 -0.767023 -0.636686 42.417767 0.952061 -0.247641 0.179592 0.000000 -0.295421 -0.591902 0.749919 0.000000 0.000000 0.000000 0.000000 1.000000
-0.077952 -0.767221 -0.636628 42.417767 0.952227 -0.246428 0.180383 -0.000002 -0.295277 -0.592152 0.749779 -0.000002 0.000000 0.000000 0.000000 1.000000
-0.076291 -0.767391 -0.636624 42.417763 0.952394 -0.245097 0.181310 -0.000000 -0.295170 -0.592484 0.749558 0.000000 0.000000 0.000000 0.000000 1.000000
-0.075483 -0.767477 -0.636617 42.417763 0.952481 -0.244436 0.181747 0.000002 -0.295099 -0.592646 0.749458 -0.000001 0.000000 0.000000 0.000000 1.000000
-0.075209 -0.767504 -0.636616 42.417767 0.952510 -0.244212 0.181894 -0.000000 -0.295074 -0.592703 0.749423 0.000001 0.000000 0.000000 0.000000 1.000000
-0.075547 -0.767487 -0.636597 42.417763 0.952504 -0.244422 0.181641 0.000000 -0.295006 -0.592638 0.749501 0.000000 0.000000 0.000000 0.000000 1.000000</float_array><technique_common><accessor source="#LLegAnkle-Matrix-animation-output-transform-array" count="51" stride="16"><param type="float4x4"/></accessor></technique_common></source><source id="LLegAnkle-Interpolations"><Name_array id="LLegAnkle-Interpolations-array" count="51">
