<?xml version="1.0" encoding="utf-8"?>
<COLLADA xmlns="http://www.collada.org/2005/11/COLLADASchema" version="1.4.1">
  <asset><contributor><author></author><authoring_tool>FBX COLLADA exporter</authoring_tool><comments></comments></contributor><created>2015-05-01T22:32:49Z</created><keywords></keywords><modified>2015-05-01T22:32:49Z</modified><revision></revision><subject></subject><title></title><unit meter="1.000000" name="centimeter"></unit><up_axis>Y_UP</up_axis></asset>
  <library_animations>
    <animation id="DroidControl-anim" name="DroidControl"><animation><source id="DroidControl-Matrix-animation-input"><float_array id="DroidControl-Matrix-animation-input-array" count="0">
</float_array><technique_common><accessor source="#DroidControl-Matrix-animation-input-array" count="0"><param name="TIME" type="float"/></accessor></technique_common></source><source id="DroidControl-Matrix-animation-output-transform"><float_array id="DroidControl-Matrix-animation-output-transform-array" count="0">
</float_array><technique_common><accessor source="#DroidControl-Matrix-animation-output-transform-array" count="0" stride="16"><param type="float4x4"/></accessor></technique_common></source><source id="DroidControl-Interpolations"><Name_array id="DroidControl-Interpolations-array" count="0">
</Name_array><technique_common><accessor source="#DroidControl-Interpolations-array" count="0"><param type="name"/></accessor></technique_common></source><sampler id="DroidControl-Matrix-animation-transform"><input semantic="INPUT" source="#DroidControl-Matrix-animation-input"/><input semantic="OUTPUT" source="#DroidControl-Matrix-animation-output-transform"/><input semantic="INTERPOLATION" source="#DroidControl-Interpolations"/></sampler><channel source="#DroidControl-Matrix-animation-transform" target="DroidControl/matrix"/></animation></animation>
    <animation id="Pelvis-anim" name="Pelvis"><animation><source id="Pelvis-Matrix-animation-input"><float_array id="Pelvis-Matrix-animation-input-array" count="101">

0.000000 0.033333 0.066667 0.100000 0.133333 0.166667 0.200000 0.233333 0.266667 0.300000 0.333333 0.366667 0.400000 0.433333 0.466667 0.500000
0.533333 0.566667 0.600000 0.633333 0.666667 0.700000 0.733333 0.766667 0.800000 0.833333 0.866667 0.900000 0.933333 0.966667 1.000000 1.033333
1.066667 1.100000 1.133333 1.166667 1.200000 1.233333 1.266667 1.300000 1.333333 1.366667 1.400000 1.433333 1.466667 1.500000 1.533333 1.566667
1.600000 1.633333 1.666667 1.700000 1.733333 1.766667 1.800000 1.833333 1.866667 1.900000 1.933333 1.966667 2.000000 2.033333 2.066667 2.100000
2.133333 2.166667 2.200000 2.233333 2.266667 2.300000 2.333333 2.366667 2.400000 2.433333 2.466667 2.500000 2.533333 2.566667 2.600000 2.633333
2.666667 2.700000 2.733333 2.766667 2.800000 2.833333 2.866667 2.900000 2.933333 2.966667 3.000000 3.033333 3.066667 3.100000 3.133333 3.166667
3.200000 3.233333 3.266667 3.300000 3.333333</float_array><technique_common><accessor source="#Pelvis-Matrix-animation-input-array" count="101"><param name="TIME" type="float"/></accessor></technique_common></source><source id="Pelvis-Matrix-animation-output-transform"><float_array id="Pelvis-Matrix-animation-output-transform-array" count="1616">

-0.000000 0.106957 0.994264 -0.000001 0.997441 -0.071087 0.007647 56.346100 0.071497 0.991719 -0.106684 -0.697941 0.000000 0.000000 0.000000 1.000000
0.061658 0.098684 0.993207 -1.030055 0.995543 -0.077228 -0.054130 57.460907 0.071361 0.992118 -0.103005 -0.697941 0.000000 0.000000 0.000000 1.000000
0.113623 0.076502 0.990574 -1.901064 0.990981 -0.080012 -0.107490 59.949116 0.071034 0.993854 -0.084903 -0.697941 0.000000 0.000000 0.000000 1.000000
0.150342 0.044385 0.987637 -2.519547 0.986104 -0.078157 -0.146596 62.532219 0.070685 0.995952 -0.055518 -0.697941 0.000000 0.000000 0.000000 1.000000
0.166416 0.006029 0.986037 -2.791349 0.983532 -0.072511 -0.165550 63.932377 0.070500 0.997350 -0.017996 -0.697941 0.000000 0.000000 0.000000 1.000000
0.157521 -0.033475 0.986948 -2.640856 0.984988 -0.066130 -0.159452 63.129944 0.070605 0.997249 0.022555 -0.697941 0.000000 0.000000 0.000000 1.000000
0.126378 -0.067816 0.989661 -2.115565 0.989444 -0.062712 -0.130647 60.764870 0.070924 0.995725 0.059174 -0.697941 0.000000 0.000000 0.000000 1.000000
0.078376 -0.093360 0.992543 -1.309854 0.994372 -0.063862 -0.084528 58.115097 0.071277 0.993582 0.087829 -0.697941 0.000000 0.000000 0.000000 1.000000
0.019006 -0.106186 0.994165 -0.317336 0.997261 -0.069079 -0.026444 56.458000 0.071484 0.991944 0.104582 -0.697941 0.000000 0.000000 0.000000 1.000000
-0.044082 -0.102779 0.993727 0.736194 0.996471 -0.075641 0.036380 56.928062 0.071428 0.991824 0.105750 -0.697941 0.000000 0.000000 0.000000 1.000000
-0.099518 -0.084312 0.991457 1.664242 0.992489 -0.079651 0.092849 59.141747 0.071142 0.993251 0.091605 -0.697941 0.000000 0.000000 0.000000 1.000000
-0.141338 -0.054744 0.988447 2.367599 0.987428 -0.079184 0.136807 61.829971 0.070780 0.995356 0.065247 -0.697942 0.000000 0.000000 0.000000 1.000000
-0.164114 -0.017882 0.986279 2.752379 0.983917 -0.074453 0.162371 63.715645 0.070528 0.997064 0.029814 -0.697942 0.000000 0.000000 0.000000 1.000000
-0.162735 0.022109 0.986422 2.729033 0.984145 -0.067842 0.163880 63.589481 0.070544 0.997451 -0.010718 -0.697942 0.000000 0.000000 0.000000 1.000000
-0.137642 0.058355 0.988761 2.305283 0.987947 -0.063285 0.141263 61.555473 0.070817 0.996288 -0.048941 -0.697942 0.000000 0.000000 0.000000 1.000000
-0.094087 0.086912 0.991763 1.573141 0.993016 -0.063032 0.099730 58.856995 0.071180 0.994220 -0.080374 -0.697941 0.000000 0.000000 0.000000 1.000000
-0.037512 0.103939 0.993876 0.626412 0.996739 -0.067218 0.044649 56.771080 0.071447 0.992310 -0.101079 -0.697941 0.000000 0.000000 0.000000 1.000000
0.025851 0.105528 0.994080 -0.431633 0.997107 -0.073820 -0.018093 56.551117 0.071473 0.991673 -0.107131 -0.697941 0.000000 0.000000 0.000000 1.000000
0.084256 0.091123 0.992269 -1.408337 0.993894 -0.078883 -0.077149 58.378433 0.071243 0.992710 -0.097213 -0.697941 0.000000 0.000000 0.000000 1.000000
0.130684 0.064435 0.989328 -2.188062 0.988887 -0.079818 -0.125427 61.059143 0.070884 0.994725 -0.074150 -0.697941 0.000000 0.000000 0.000000 1.000000
0.159667 0.029361 0.986734 -2.677131 0.984645 -0.076202 -0.157061 63.316086 0.070580 0.996660 -0.041077 -0.697941 0.000000 0.000000 0.000000 1.000000
0.165833 -0.010406 0.986099 -2.781476 0.983630 -0.069748 -0.166154 63.876518 0.070507 0.997511 -0.001331 -0.697941 0.000000 0.000000 0.000000 1.000000
0.147248 -0.048247 0.987922 -2.467317 0.986568 -0.064248 -0.150184 62.285355 0.070718 0.996767 0.038138 -0.697941 0.000000 0.000000 0.000000 1.000000
0.108606 -0.079470 0.990903 -1.816782 0.991541 -0.062608 -0.113697 59.650646 0.071074 0.994869 0.071998 -0.697941 0.000000 0.000000 0.000000 1.000000
0.055312 -0.100330 0.993415 -0.923922 0.995914 -0.065592 -0.062076 57.249874 0.071388 0.992790 0.096292 -0.697941 0.000000 0.000000 0.000000 1.000000
-0.007010 -0.106854 0.994250 0.117036 0.997416 -0.071835 -0.000688 56.361588 0.071496 0.991676 0.107082 -0.697941 0.000000 0.000000 0.000000 1.000000
-0.067889 -0.096871 0.992979 1.134299 0.995140 -0.077734 0.060454 57.688221 0.071332 0.992257 0.101678 -0.697941 0.000000 0.000000 0.000000 1.000000
-0.118458 -0.073417 0.990241 1.982350 0.990418 -0.080038 0.112546 60.248707 0.070994 0.994085 0.082194 -0.697942 0.000000 0.000000 0.000000 1.000000
-0.153191 -0.040447 0.987369 2.567666 0.985668 -0.077691 0.149744 62.765057 0.070653 0.996157 0.051769 -0.697942 0.000000 0.000000 0.000000 1.000000
-0.166690 -0.001618 0.986008 2.795978 0.983486 -0.071770 0.166146 63.958973 0.070497 0.997420 0.013555 -0.697942 0.000000 0.000000 0.000000 1.000000
-0.155112 0.037529 0.987184 2.600135 0.985369 -0.065568 0.157320 62.925266 0.070632 0.997142 -0.026810 -0.697942 0.000000 0.000000 0.000000 1.000000
-0.121871 0.071092 0.989997 2.039743 0.990006 -0.062607 0.126368 60.467224 0.070964 0.995503 -0.062752 -0.697942 0.000000 0.000000 0.000000 1.000000
-0.072362 0.095446 0.992801 1.209156 0.994826 -0.064262 0.078687 57.863529 0.071310 0.993358 -0.090302 -0.697941 0.000000 0.000000 0.000000 1.000000
-0.012040 0.106648 0.994224 0.201013 0.997368 -0.069809 0.019566 56.391457 0.071492 0.991843 -0.105527 -0.697941 0.000000 0.000000 0.000000 1.000000
0.050661 0.101415 0.993553 -0.846166 0.996160 -0.076259 -0.043010 57.108521 0.071405 0.991917 -0.104889 -0.697941 0.000000 0.000000 0.000000 1.000000
0.104873 0.081537 0.991137 -1.754118 0.991940 -0.079833 -0.098391 59.436714 0.071103 0.993468 -0.089252 -0.697941 0.000000 0.000000 0.000000 1.000000
0.144866 0.050989 0.988137 -2.427108 0.986919 -0.078848 -0.140619 62.099274 0.070743 0.995582 -0.061744 -0.697941 0.000000 0.000000 0.000000 1.000000
0.165224 0.013541 0.986163 -2.771157 0.983732 -0.073753 -0.163804 63.818916 0.070515 0.997185 -0.025507 -0.697941 0.000000 0.000000 0.000000 1.000000
0.161048 -0.026353 0.986595 -2.700496 0.984421 -0.067183 -0.162487 63.438053 0.070564 0.997393 0.015123 -0.697941 0.000000 0.000000 0.000000 1.000000
0.133666 -0.061931 0.989089 -2.238284 0.988490 -0.063026 -0.137531 61.268646 0.070856 0.996088 0.052794 -0.697941 0.000000 0.000000 0.000000 1.000000
0.088413 -0.089417 0.992062 -1.478017 0.993535 -0.063292 -0.094249 58.575008 0.071217 0.993981 0.083243 -0.697941 0.000000 0.000000 0.000000 1.000000
0.030748 -0.104934 0.994004 -0.513422 0.996969 -0.067882 -0.038006 56.634209 0.071463 0.992160 0.102529 -0.697941 0.000000 0.000000 0.000000 1.000000
-0.032620 -0.104680 0.993971 0.544699 0.996910 -0.074512 0.024870 56.669556 0.071459 0.991711 0.106788 -0.697941 0.000000 0.000000 0.000000 1.000000
-0.089993 -0.088741 0.991981 1.504483 0.993394 -0.079211 0.083035 58.651886 0.071207 0.992900 0.095283 -0.697941 0.000000 0.000000 0.000000 1.000000
-0.134783 -0.060955 0.988999 2.257111 0.988339 -0.079632 0.129786 61.348392 0.070845 0.994959 0.070977 -0.697942 0.000000 0.000000 0.000000 1.000000
-0.161541 -0.025189 0.986544 2.708837 0.984340 -0.075587 0.159250 63.482025 0.070558 0.996821 0.037005 -0.697942 0.000000 0.000000 0.000000 1.000000
-0.164948 0.014742 0.986192 2.766485 0.983778 -0.069030 0.165576 63.793060 0.070518 0.997506 -0.003117 -0.697942 0.000000 0.000000 0.000000 1.000000
-0.143917 0.052032 0.988221 2.411097 0.987057 -0.063851 0.147109 62.026123 0.070753 0.996602 -0.042169 -0.697942 0.000000 0.000000 0.000000 1.000000
-0.103415 0.082315 0.991226 1.729626 0.992093 -0.062715 0.108713 59.354954 0.071114 0.994631 -0.075178 -0.697941 0.000000 0.000000 0.000000 1.000000
-0.048807 0.101819 0.993605 0.815162 0.996252 -0.066162 0.055717 57.055325 0.071412 0.992600 -0.098208 -0.697941 0.000000 0.000000 0.000000 1.000000
0.014021 0.106539 0.994210 -0.234093 0.997343 -0.072580 -0.006288 56.407433 0.071490 0.991656 -0.107273 -0.697941 0.000000 0.000000 0.000000 1.000000
0.074046 0.094881 0.992731 -1.237343 0.994703 -0.078200 -0.066719 57.932133 0.071301 0.992412 -0.100169 -0.697941 0.000000 0.000000 0.000000 1.000000
0.123143 0.070193 0.989904 -2.061132 0.989849 -0.080006 -0.117463 60.550148 0.070953 0.994320 -0.079332 -0.697941 0.000000 0.000000 0.000000 1.000000
0.155807 0.036409 0.987116 -2.611887 0.985259 -0.077177 -0.152668 62.983883 0.070624 0.996352 -0.047897 -0.697941 0.000000 0.000000 0.000000 1.000000
0.166645 -0.002846 0.986013 -2.795225 0.983493 -0.071017 -0.166425 63.954617 0.070497 0.997471 -0.009035 -0.697941 0.000000 0.000000 0.000000 1.000000
0.152424 -0.041547 0.987442 -2.554720 0.985786 -0.065043 -0.154905 62.701885 0.070662 0.997017 0.031043 -0.697941 0.000000 0.000000 0.000000 1.000000
0.117134 -0.074285 0.990334 -1.960079 0.990575 -0.062558 -0.121855 60.165470 0.071005 0.995273 0.066258 -0.697941 0.000000 0.000000 0.000000 1.000000
0.066170 -0.097390 0.993044 -1.105539 0.995255 -0.064714 -0.072664 57.623543 0.071341 0.993140 0.092646 -0.697941 0.000000 0.000000 0.000000 1.000000
0.005068 -0.106902 0.994257 -0.084612 0.997428 -0.070547 -0.012669 56.354218 0.071496 0.991764 0.106270 -0.697941 0.000000 0.000000 0.000000 1.000000
-0.057086 -0.099891 0.993359 0.953584 0.995814 -0.076836 0.049501 57.306767 0.071381 0.992027 0.103859 -0.697941 0.000000 0.000000 0.000000 1.000000
-0.110017 -0.078657 0.990812 1.840485 0.991386 -0.079957 0.103733 59.733345 0.071063 0.993690 0.086776 -0.697941 0.000000 0.000000 0.000000 1.000000
-0.148132 -0.047182 0.987842 2.482229 0.986437 -0.078465 0.144173 62.355236 0.070708 0.995800 0.058165 -0.697942 0.000000 0.000000 0.000000 1.000000
-0.166026 -0.009193 0.986079 2.784737 0.983598 -0.073038 0.164927 63.894875 0.070505 0.997287 0.021169 -0.697942 0.000000 0.000000 0.000000 1.000000
-0.159097 0.030510 0.986791 2.667507 0.984736 -0.066559 0.160824 63.266335 0.070587 0.997316 -0.019455 -0.697942 0.000000 0.000000 0.000000 1.000000
-0.129508 0.065384 0.989420 2.168264 0.989041 -0.062824 0.133610 60.977837 0.070895 0.995881 -0.056531 -0.697942 0.000000 0.000000 0.000000 1.000000
-0.082590 0.091777 0.992349 1.380432 0.994033 -0.063607 0.088613 58.302094 0.071253 0.993746 -0.085976 -0.697941 0.000000 0.000000 0.000000 1.000000
-0.023903 0.105737 0.994107 0.399098 0.997156 -0.068575 0.031270 56.521858 0.071477 0.992027 -0.103797 -0.697941 0.000000 0.000000 0.000000 1.000000
0.039360 0.103631 0.993837 -0.657299 0.996668 -0.075183 -0.031633 56.812874 0.071442 0.991770 -0.106245 -0.697941 0.000000 0.000000 0.000000 1.000000
0.095624 0.086197 0.991679 -1.598908 0.992870 -0.079488 -0.088829 58.936073 0.071170 0.993102 -0.093184 -0.697941 0.000000 0.000000 0.000000 1.000000
0.138699 0.057352 0.988673 -2.323100 0.987800 -0.079389 -0.133971 61.633183 0.070806 0.995192 -0.067664 -0.697941 0.000000 0.000000 0.000000 1.000000
0.163149 0.020931 0.986379 -2.736051 0.984076 -0.074933 -0.161178 63.627167 0.070539 0.996969 -0.032823 -0.697941 0.000000 0.000000 0.000000 1.000000
0.163757 -0.019070 0.986316 -2.746324 0.983976 -0.068326 -0.164689 63.682705 0.070532 0.997481 0.007575 -0.697941 0.000000 0.000000 0.000000 1.000000
0.140325 -0.055763 0.988534 -2.350521 0.987572 -0.063501 -0.143771 61.753990 0.070790 0.996423 0.046160 -0.697941 0.000000 0.000000 0.000000 1.000000
0.098014 -0.085053 0.991544 -1.638994 0.992638 -0.062880 -0.103516 59.061386 0.071153 0.994390 0.078263 -0.697941 0.000000 0.000000 0.000000 1.000000
0.042251 -0.103119 0.993771 -0.705605 0.996550 -0.066766 -0.049297 56.881973 0.071433 0.992426 0.099942 -0.697941 0.000000 0.000000 0.000000 1.000000
-0.020915 -0.106023 0.994144 0.349200 0.997223 -0.073306 0.013162 56.481228 0.071482 0.991658 0.107261 -0.697941 0.000000 0.000000 0.000000 1.000000
-0.080023 -0.092753 0.992468 1.337436 0.994242 -0.078614 0.072819 58.187138 0.071268 0.992581 0.098510 -0.697941 0.000000 0.000000 0.000000 1.000000
-0.127594 -0.066887 0.989568 2.136041 0.989288 -0.079917 0.122156 60.847019 0.070913 0.994555 0.076367 -0.697942 0.000000 0.000000 0.000000 1.000000
-0.158144 -0.032338 0.986887 2.651382 0.984889 -0.076625 0.155313 63.183578 0.070598 0.996536 0.043968 -0.697942 0.000000 0.000000 0.000000 1.000000
-0.166285 0.007248 0.986051 2.789126 0.983554 -0.070276 0.166380 63.919727 0.070502 0.997501 0.004557 -0.697942 0.000000 0.000000 0.000000 1.000000
-0.149507 0.045464 0.987715 2.505445 0.986230 -0.064565 0.152254 62.464981 0.070694 0.996877 -0.035185 -0.697942 0.000000 0.000000 0.000000 1.000000
-0.112207 0.077362 0.990669 1.877283 0.991142 -0.062567 0.117147 59.863655 0.071046 0.995038 -0.069656 -0.697941 0.000000 0.000000 0.000000 1.000000
-0.059857 0.099170 0.993269 0.999918 0.995652 -0.065212 0.066511 57.398884 0.071369 0.992931 -0.094835 -0.697941 0.000000 0.000000 0.000000 1.000000
0.002008 0.106951 0.994262 -0.033524 0.997439 -0.071301 0.005655 56.347378 0.071497 0.991704 -0.106821 -0.697941 0.000000 0.000000 0.000000 1.000000
0.063451 0.098182 0.993144 -1.060037 0.995431 -0.077377 -0.055947 57.524269 0.071353 0.992156 -0.102643 -0.697941 0.000000 0.000000 0.000000 1.000000
0.115023 0.075632 0.990480 -1.924600 0.990821 -0.080025 -0.108952 60.034672 0.071023 0.993919 -0.084143 -0.697941 0.000000 0.000000 0.000000 1.000000
0.151181 0.043267 0.987559 -2.533721 0.985976 -0.078029 -0.147520 62.600246 0.070675 0.996012 -0.054456 -0.697941 0.000000 0.000000 0.000000 1.000000
0.166527 0.004772 0.986025 -2.793212 0.983513 -0.072300 -0.165752 63.943035 0.070499 0.997371 -0.016734 -0.697941 0.000000 0.000000 0.000000 1.000000
0.156860 -0.034640 0.987013 -2.629670 0.985093 -0.065966 -0.158870 63.073284 0.070612 0.997220 0.023776 -0.697941 0.000000 0.000000 0.000000 1.000000
0.125110 -0.068762 0.989757 -2.094236 0.989604 -0.062677 -0.129445 60.680099 0.070936 0.995662 0.060206 -0.697941 0.000000 0.000000 0.000000 1.000000
0.076671 -0.093971 0.992618 -1.281304 0.994505 -0.063971 -0.082873 58.041946 0.071287 0.993518 0.088550 -0.697941 0.000000 0.000000 0.000000 1.000000
0.017038 -0.106340 0.994184 -0.284471 0.997296 -0.069284 -0.024502 56.436279 0.071487 0.991913 0.104872 -0.697941 0.000000 0.000000 0.000000 1.000000
-0.045957 -0.102408 0.993680 0.767533 0.996387 -0.075820 0.038268 56.977142 0.071422 0.991849 0.105523 -0.697941 0.000000 0.000000 0.000000 1.000000
-0.101054 -0.083538 0.991367 1.689999 0.992335 -0.079708 0.094435 59.224850 0.071131 0.993312 0.090953 -0.697941 0.000000 0.000000 0.000000 1.000000
-0.142361 -0.053688 0.988358 2.384863 0.987282 -0.079094 0.137910 61.907364 0.070769 0.995420 0.064265 -0.697942 0.000000 0.000000 0.000000 1.000000
-0.164459 -0.016656 0.986243 2.758213 0.983860 -0.074257 0.162807 63.747543 0.070524 0.997100 0.028599 -0.697942 0.000000 0.000000 0.000000 1.000000
-0.162285 0.023318 0.986468 2.721431 0.984218 -0.067652 0.163514 63.548862 0.070550 0.997436 -0.011971 -0.697942 0.000000 0.000000 0.000000 1.000000
-0.136506 0.059407 0.988856 2.286141 0.988104 -0.063204 0.140199 61.472660 0.070828 0.996231 -0.050072 -0.697942 0.000000 0.000000 0.000000 1.000000
-0.092450 0.087657 0.991851 1.545689 0.993169 -0.063102 0.098150 58.774006 0.071191 0.994150 -0.081224 -0.697941 0.000000 0.000000 0.000000 1.000000
-0.035550 0.104249 0.993916 0.593640 0.996810 -0.067408 0.042724 56.728775 0.071452 0.992264 -0.101520 -0.697941 0.000000 0.000000 0.000000 1.000000
0.027793 0.105307 0.994051 -0.464068 0.997055 -0.074020 -0.020035 56.582443 0.071470 0.991681 -0.107054 -0.697941 0.000000 0.000000 0.000000 1.000000</float_array><technique_common><accessor source="#Pelvis-Matrix-animation-output-transform-array" count="101" stride="16"><param type="float4x4"/></accessor></technique_common></source><source id="Pelvis-Interpolations"><Name_array id="Pelvis-Interpolations-array" count="101">
 LINEAR LINEAR LINEAR LINEAR LINEAR LINEAR LINEAR LINEAR LINEAR LINEAR LINEAR
LINEAR LINEAR LINEAR LINEAR LINEAR LINEAR LINEAR LINEAR LINEAR LINEAR LINEAR LINEAR
LINEAR LINEAR LINEAR LINEAR LINEAR LINEAR LINEAR LINEAR LINEAR LINEAR LINEAR LINEAR
LINEAR LINEAR LINEAR LINEAR LINEAR LINEAR LINEAR LINEAR LINEAR LINEAR LINEAR LINEAR
LINEAR LINEAR LINEAR LINEAR LINEAR LINEAR LINEAR LINEAR LINEAR LINEAR LINEAR LINEAR
LINEAR LINEAR LINEAR LINEAR LINEAR LINEAR LINEAR LINEAR LINEAR LINEAR LINEAR LINEAR
LINEAR LINEAR LINEAR LINEAR LINEAR LINEAR LINEAR LINEAR LINEAR LINEAR LINEAR LINEAR
LINEAR LINEAR LINEAR LINEAR LINEAR LINEAR LINEAR LINEAR LINEAR LINEAR LINEAR LINEAR
LINEAR LINEAR LINEAR LINEAR LINEAR LINEAR</Name_array><technique_common><accessor source="#Pelvis-Interpolations-array" count="101"><param type="name"/></accessor></technique_common></source><sampler id="Pelvis-Matrix-animation-transform"><input semantic="INPUT" source="#Pelvis-Matrix-animation-input"/><input semantic="OUTPUT" source="#Pelvis-Matrix-animation-output-transform"/><input semantic="INTERPOLATION" source="#Pelvis-Interpolations"/></sampler><channel source="#Pelvis-Matrix-animation-transform" target="Pelvis/matrix"/></animation></animation>
    <animation id="LLeg1-anim" name="LLeg1"><animation><source id="LLeg1-Matrix-animation-input"><float_array id="LLeg1-Matrix-animation-input-array" count="101">

0.000000 0.033333 0.066667 0.100000 0.133333 0.166667 0.200000 0.233333 0.266667 0.300000 0.333333 0.366667 0.400000 0.433333 0.466667 0.500000
0.533333 0.566667 0.600000 0.633333 0.666667 0.700000 0.733333 0.766667 0.800000 0.833333 0.866667 0.900000 0.933333 0.966667 1.000000 1.033333
1.066667 1.100000 1.133333 1.166667 1.200000 1.233333 1.266667 1.300000 1.333333 1.366667 1.400000 1.433333 1.466667 1.500000 1.533333 1.566667
1.600000 1.633333 1.666667 1.700000 1.733333 1.766667 1.800000 1.833333 1.866667 1.900000 1.933333 1.966667 2.000000 2.033333 2.066667 2.100000
2.133333 2.166667 2.200000 2.233333 2.266667 2.300000 2.333333 2.366667 2.400000 2.433333 2.466667 2.500000 2.533333 2.566667 2.600000 2.633333
2.666667 2.700000 2.733333 2.766667 2.800000 2.833333 2.866667 2.900000 2.933333 2.966667 3.000000 3.033333 3.066667 3.100000 3.133333 3.166667
3.200000 3.233333 3.266667 3.300000 3.333333</float_array><technique_common><accessor source="#LLeg1-Matrix-animation-input-array" count="101"><param name="TIME" type="float"/></accessor></technique_common></source><source id="LLeg1-Matrix-animation-output-transform"><float_array id="LLeg1-Matrix-animation-output-transform-array" count="1616">

-0.999126 -0.036492 -0.020400 -0.000004 -0.034095 0.993616 -0.107536 0.000000 0.024194 -0.106746 -0.993992 7.451146 0.000000 0.000000 0.000000 1.000000
-0.977285 -0.190920 -0.091998 -0.000008 -0.179548 0.976503 -0.119180 -0.000000 0.112590 -0.099955 -0.988601 7.451146 0.000000 0.000000 0.000000 1.000000
-0.973386 0.171407 -0.152117 0.000004 0.190457 0.974214 -0.120963 -0.000001 0.127461 -0.146716 -0.980932 7.451146 0.000000 0.000000 0.000000 1.000000
-0.828438 0.518579 -0.211579 0.000000 0.547619 0.829229 -0.111768 -0.000000 0.117487 -0.208457 -0.970949 7.451148 0.000000 0.000000 0.000000 1.000000
-0.599316 0.757531 -0.258782 -0.000004 0.795167 0.600647 -0.083268 -0.000001 0.092358 -0.255679 -0.962340 7.451147 0.000000 0.000000 0.000000 1.000000
-0.412693 0.870771 -0.267285 -0.000004 0.907175 0.419329 -0.034588 -0.000001 0.081962 -0.256748 -0.962997 7.451144 0.000000 0.000000 0.000000 1.000000
-0.350972 0.906747 -0.233729 0.000000 0.930688 0.365289 0.019592 -0.000001 0.103144 -0.210652 -0.972104 7.451146 0.000000 0.000000 0.000000 1.000000
-0.486816 0.857042 -0.168783 0.000004 0.861604 0.502921 0.068621 -0.000001 0.143696 -0.112019 -0.983262 7.451146 0.000000 0.000000 0.000000 1.000000
-0.691253 0.717793 -0.083317 -0.000000 0.711061 0.696200 0.098471 -0.000000 0.128687 0.008825 -0.991646 7.451147 0.000000 0.000000 0.000000 1.000000
-0.440778 0.897342 0.022177 0.000000 0.894560 0.437106 0.093276 0.000000 0.074007 0.060953 -0.995393 7.451146 0.000000 0.000000 0.000000 1.000000
-0.473639 0.874153 0.107339 0.000000 0.880322 0.466235 0.087514 -0.000001 0.026456 0.135943 -0.990363 7.451146 0.000000 0.000000 0.000000 1.000000
-0.584033 0.794539 0.166171 -0.000004 0.810896 0.580355 0.075077 0.000000 -0.036787 0.178595 -0.983235 7.451145 0.000000 0.000000 0.000000 1.000000
-0.701211 0.686285 0.193174 0.000004 0.705868 0.706379 0.052726 -0.000000 -0.100269 0.173327 -0.979747 7.451147 0.000000 0.000000 0.000000 1.000000
-0.788670 0.585752 0.186801 -0.000004 0.598933 0.800591 0.018269 -0.000001 -0.138850 0.126289 -0.982228 7.451147 0.000000 0.000000 0.000000 1.000000
-0.859148 0.488790 0.151489 0.000004 0.491397 0.870649 -0.022325 -0.000000 -0.142806 0.055261 -0.988207 7.451145 0.000000 0.000000 0.000000 1.000000
-0.925470 0.366553 0.095621 0.000000 0.361949 0.930111 -0.062348 -0.000000 -0.111792 -0.023092 -0.993463 7.451147 0.000000 0.000000 0.000000 1.000000
-0.987000 0.158639 0.025787 -0.000000 0.155573 0.983289 -0.094553 -0.000000 -0.040356 -0.089312 -0.995186 7.451145 0.000000 0.000000 0.000000 1.000000
-0.977040 -0.206517 -0.052376 0.000004 -0.199620 0.973252 -0.113722 -0.000000 0.074460 -0.100655 -0.992131 7.451147 0.000000 0.000000 0.000000 1.000000
-0.991787 -0.053062 -0.116376 0.000000 -0.038887 0.991907 -0.120864 0.000000 0.121848 -0.115346 -0.985824 7.451147 0.000000 0.000000 0.000000 1.000000
-0.929955 0.322437 -0.176686 0.000008 0.345377 0.930883 -0.119045 0.000000 0.126089 -0.171729 -0.977042 7.451147 0.000000 0.000000 0.000000 1.000000
-0.740102 0.630680 -0.233436 -0.000000 0.663766 0.740821 -0.102956 -0.000000 0.108002 -0.231145 -0.966906 7.451144 0.000000 0.000000 0.000000 1.000000
-0.511690 0.816336 -0.267898 0.000000 0.854987 0.514543 -0.065129 -0.000001 0.084678 -0.262376 -0.961243 7.451145 0.000000 0.000000 0.000000 1.000000
-0.369690 0.892556 -0.258211 0.000004 0.925082 0.379565 -0.012433 -0.000000 0.086911 -0.243462 -0.966009 7.451146 0.000000 0.000000 0.000000 1.000000
-0.376232 0.902354 -0.210253 0.000000 0.918832 0.392558 0.040580 -0.000001 0.119154 -0.177919 -0.976804 7.451146 0.000000 0.000000 0.000000 1.000000
-0.674855 0.724730 -0.139053 0.000008 0.720573 0.687810 0.087695 -0.000000 0.159198 -0.041016 -0.986394 7.451147 0.000000 0.000000 0.000000 1.000000
-0.508160 0.860456 -0.037248 0.000004 0.855360 0.509260 0.094934 -0.000001 0.100656 0.016381 -0.994786 7.451146 0.000000 0.000000 0.000000 1.000000
-0.437923 0.897043 0.059475 -0.000004 0.897235 0.431942 0.091624 -0.000000 0.056501 0.093488 -0.994016 7.451145 0.000000 0.000000 0.000000 1.000000
-0.514136 0.847036 0.134889 0.000000 0.857706 0.507311 0.083525 0.000000 0.002318 0.158638 -0.987334 7.451147 0.000000 0.000000 0.000000 1.000000
-0.634540 0.751367 0.181127 -0.000004 0.770224 0.634190 0.067514 -0.000000 -0.064141 0.182349 -0.981140 7.451143 0.000000 0.000000 0.000000 1.000000
-0.741523 0.642102 0.194546 -0.000008 0.660074 0.750130 0.040091 -0.000000 -0.120192 0.158143 -0.980074 7.451147 0.000000 0.000000 0.000000 1.000000
-0.818441 0.547154 0.175433 0.000000 0.556084 0.831123 0.002112 -0.000000 -0.144651 0.099284 -0.984489 7.451149 0.000000 0.000000 0.000000 1.000000
-0.886958 0.442938 0.130815 -0.000004 0.441817 0.896254 -0.039079 -0.000000 -0.134552 0.023135 -0.990636 7.451145 0.000000 0.000000 0.000000 1.000000
-0.953223 0.294384 0.068583 0.000004 0.289157 0.954195 -0.076809 -0.000000 -0.088053 -0.053384 -0.994684 7.451147 0.000000 0.000000 0.000000 1.000000
-0.999572 0.028716 -0.005593 -0.000000 0.029142 0.994145 -0.104045 -0.000000 0.002572 -0.104163 -0.994557 7.451145 0.000000 0.000000 0.000000 1.000000
-0.968592 -0.235304 -0.080379 0.000004 -0.225156 0.967145 -0.118050 -0.000001 0.105516 -0.096245 -0.989749 7.451145 0.000000 0.000000 0.000000 1.000000
-0.984733 0.102370 -0.140789 0.000000 0.119789 0.985351 -0.121384 -0.000000 0.126301 -0.136396 -0.982570 7.451145 0.000000 0.000000 0.000000 1.000000
-0.863636 0.462346 -0.200917 0.000000 0.489482 0.864418 -0.114841 -0.000001 0.120580 -0.197527 -0.972853 7.451148 0.000000 0.000000 0.000000 1.000000
-0.642647 0.723502 -0.252091 0.000004 0.760020 0.643579 -0.090419 -0.000000 0.096822 -0.249701 -0.963470 7.451146 0.000000 0.000000 0.000000 1.000000
-0.438904 0.857247 -0.269242 0.000004 0.894832 0.444183 -0.044461 -0.000000 0.081478 -0.260440 -0.962046 7.451146 0.000000 0.000000 0.000000 1.000000
-0.350988 0.904344 -0.242834 0.000004 0.931314 0.364085 0.009795 -0.000001 0.097271 -0.222717 -0.970018 7.451146 0.000000 0.000000 0.000000 1.000000
-0.440282 0.879117 -0.182496 -0.000004 0.887461 0.456944 0.060134 -0.000000 0.136255 -0.135482 -0.981366 7.451146 0.000000 0.000000 0.000000 1.000000
-0.675188 0.730687 -0.101077 0.000000 0.724430 0.682659 0.095803 -0.000000 0.139004 -0.008538 -0.990255 7.451148 0.000000 0.000000 0.000000 1.000000
-0.452323 0.891845 0.004121 0.000000 0.888085 0.449982 0.093920 -0.000000 0.081907 0.046142 -0.995571 7.451149 0.000000 0.000000 0.000000 1.000000
-0.458576 0.883754 0.093201 0.000004 0.887898 0.451329 0.089102 -0.000000 0.036680 0.123613 -0.991652 7.451146 0.000000 0.000000 0.000000 1.000000
-0.561635 0.812256 0.157500 0.000004 0.827032 0.556692 0.078179 -0.000001 -0.024178 0.174165 -0.984420 7.451148 0.000000 0.000000 0.000000 1.000000
-0.681387 0.706662 0.190634 0.000004 0.726415 0.684813 0.057903 -0.000001 -0.089631 0.177934 -0.979952 7.451147 0.000000 0.000000 0.000000 1.000000
-0.775165 0.602380 0.190412 0.000004 0.617298 0.786318 0.025449 -0.000001 -0.134395 0.137268 -0.981374 7.451148 0.000000 0.000000 0.000000 1.000000
-0.846947 0.507069 0.159879 0.000000 0.511594 0.859103 -0.014579 -0.000000 -0.144745 0.069446 -0.987029 7.451149 0.000000 0.000000 0.000000 1.000000
-0.913729 0.391901 0.107302 -0.000000 0.388087 0.919965 -0.055253 -0.000000 -0.120367 -0.008844 -0.992690 7.451146 0.000000 0.000000 0.000000 1.000000
-0.977919 0.205197 0.039612 0.000000 0.201061 0.975483 -0.089480 -0.000000 -0.057002 -0.079540 -0.995201 7.451147 0.000000 0.000000 0.000000 1.000000
-0.991323 -0.125934 -0.037673 -0.000004 -0.121082 0.986395 -0.111188 -0.000001 0.051163 -0.105662 -0.993085 7.451146 0.000000 0.000000 0.000000 1.000000
-0.987362 -0.118616 -0.105105 0.000008 -0.105773 0.987083 -0.120328 -0.000000 0.118020 -0.107690 -0.987154 7.451144 0.000000 0.000000 0.000000 1.000000
-0.952639 0.255201 -0.165380 0.000000 0.276316 0.953510 -0.120283 0.000000 0.126995 -0.160283 -0.978867 7.451146 0.000000 0.000000 0.000000 1.000000
-0.780992 0.583070 -0.223788 -0.000000 0.614376 0.781650 -0.107540 -0.000000 0.112220 -0.221478 -0.968687 7.451145 0.000000 0.000000 0.000000 1.000000
-0.549331 0.792522 -0.264850 0.000000 0.831014 0.551324 -0.073872 -0.000000 0.087473 -0.260674 -0.961456 7.451145 0.000000 0.000000 0.000000 1.000000
-0.386324 0.883983 -0.263302 0.000008 0.918533 0.394700 -0.022572 -0.000000 0.083972 -0.250571 -0.964450 7.451146 0.000000 0.000000 0.000000 1.000000
-0.360644 0.905981 -0.221661 0.000004 0.926004 0.376228 0.031121 -0.000001 0.111590 -0.194035 -0.974627 7.451146 0.000000 0.000000 0.000000 1.000000
-0.574898 0.803878 -0.152555 -0.000004 0.803703 0.589763 0.078994 -0.000000 0.153472 -0.077195 -0.985133 7.451146 0.000000 0.000000 0.000000 1.000000
-0.557837 0.827967 -0.057350 -0.000004 0.822448 0.560743 0.095634 0.000000 0.111340 0.006181 -0.993763 7.451146 0.000000 0.000000 0.000000 1.000000
-0.435448 0.899200 0.042704 0.000004 0.897878 0.430415 0.092512 -0.000000 0.064807 0.078627 -0.994795 7.451146 0.000000 0.000000 0.000000 1.000000
-0.494242 0.860609 0.122786 -0.000008 0.869214 0.486977 0.085561 -0.000000 0.013841 0.149015 -0.988738 7.451147 0.000000 0.000000 0.000000 1.000000
-0.611242 0.771874 0.174910 -0.000004 0.789761 0.609262 0.071248 -0.000000 -0.051571 0.181687 -0.982003 7.451146 0.000000 0.000000 0.000000 1.000000
-0.723921 0.661869 0.194599 0.000004 0.680788 0.731020 0.046233 0.000000 -0.111656 0.165949 -0.979793 7.451147 0.000000 0.000000 0.000000 1.000000
-0.805166 0.564683 0.181219 0.000004 0.575621 0.817659 0.009668 0.000000 -0.142716 0.112098 -0.983395 7.451147 0.000000 0.000000 0.000000 1.000000
-0.874493 0.464175 0.140727 -0.000004 0.464662 0.884931 -0.031404 0.000000 -0.139111 0.037928 -0.989550 7.451143 0.000000 0.000000 0.000000 1.000000
-0.940634 0.329549 0.081272 0.000004 0.324402 0.943298 -0.070373 -0.000000 -0.099855 -0.039830 -0.994204 7.451147 0.000000 0.000000 0.000000 1.000000
-0.995814 0.090953 0.009007 -0.000004 0.089605 0.990947 -0.099976 -0.000000 -0.018018 -0.098750 -0.994949 7.451146 0.000000 0.000000 0.000000 1.000000
-0.964025 -0.256895 -0.068273 0.000000 -0.248040 0.961732 -0.116395 -0.000000 0.095562 -0.095273 -0.990854 7.451146 0.000000 0.000000 0.000000 1.000000
-0.991096 0.031040 -0.129479 0.000000 0.046907 0.991501 -0.121351 0.000000 0.124612 -0.126344 -0.984129 7.451146 0.000000 0.000000 0.000000 1.000000
-0.896627 0.400029 -0.189832 0.000004 0.425212 0.897480 -0.117149 0.000000 0.123508 -0.185758 -0.974802 7.451146 0.000000 0.000000 0.000000 1.000000
-0.687441 0.683995 -0.244079 -0.000000 0.719067 0.688177 -0.096717 -0.000000 0.101815 -0.241996 -0.964920 7.451144 0.000000 0.000000 0.000000 1.000000
-0.469676 0.840659 -0.269624 0.000000 0.879007 0.473720 -0.054191 -0.000000 0.082170 -0.262453 -0.961440 7.451145 0.000000 0.000000 0.000000 1.000000
-0.356292 0.900112 -0.250706 0.000000 0.929841 0.367960 -0.000355 -0.000000 0.091930 -0.233243 -0.968063 7.451147 0.000000 0.000000 0.000000 1.000000
-0.405590 0.892845 -0.195763 0.000000 0.904976 0.422354 0.051328 0.000000 0.128509 -0.156343 -0.979307 7.451145 0.000000 0.000000 0.000000 1.000000
-0.670122 0.732685 -0.118787 0.000000 0.727237 0.680130 0.092461 -0.000000 0.148535 -0.024426 -0.988605 7.451149 0.000000 0.000000 0.000000 1.000000
-0.473060 0.880908 -0.014643 0.000004 0.876410 0.472214 0.094441 0.000000 0.090108 0.031843 -0.995423 7.451146 0.000000 0.000000 0.000000 1.000000
-0.446772 0.891231 0.078110 -0.000004 0.893455 0.439964 0.090388 -0.000000 0.046191 0.110170 -0.992839 7.451145 0.000000 0.000000 0.000000 1.000000
-0.539151 0.829157 0.147693 0.000000 0.842127 0.533187 0.080828 -0.000000 -0.011729 0.167955 -0.985725 7.451148 0.000000 0.000000 0.000000 1.000000
-0.660034 0.727607 0.186933 0.000000 0.747159 0.661694 0.062574 0.000000 -0.078163 0.180969 -0.980378 7.451148 0.000000 0.000000 0.000000 1.000000
-0.760244 0.620310 0.192989 0.000000 0.636784 0.770362 0.032375 -0.000000 -0.128588 0.147505 -0.980667 7.451150 0.000000 0.000000 0.000000 1.000000
-0.833810 0.526010 0.167552 -0.000004 0.532557 0.846366 -0.006834 -0.000000 -0.145406 0.083533 -0.985840 7.451145 0.000000 0.000000 0.000000 1.000000
-0.901365 0.416550 0.118437 0.000004 0.413826 0.909094 -0.047913 -0.000001 -0.127629 0.005825 -0.991805 7.451146 0.000000 0.000000 0.000000 1.000000
-0.967096 0.248792 0.053169 0.000004 0.243938 0.966156 -0.083881 -0.000001 -0.072239 -0.068151 -0.995056 7.451146 0.000000 0.000000 0.000000 1.000000
-0.998449 -0.050754 -0.022862 0.000004 -0.047999 0.992973 -0.108172 -0.000000 0.028192 -0.106907 -0.993869 7.451146 0.000000 0.000000 0.000000 1.000000
-0.979383 -0.178916 -0.093799 0.000011 -0.167339 0.978636 -0.119455 0.000000 0.113167 -0.101296 -0.988399 7.451146 0.000000 0.000000 0.000000 1.000000
-0.970506 0.185458 -0.154022 0.000000 0.204813 0.971291 -0.121014 -0.000000 0.127157 -0.148990 -0.980629 7.451146 0.000000 0.000000 0.000000 1.000000
-0.820964 0.529577 -0.213461 0.000000 0.558980 0.821674 -0.111322 -0.000000 0.116442 -0.210712 -0.970589 7.451146 0.000000 0.000000 0.000000 1.000000
-0.590171 0.764264 -0.259996 0.000004 0.802118 0.591511 -0.081988 -0.000000 0.091130 -0.256934 -0.962123 7.451145 0.000000 0.000000 0.000000 1.000000
-0.408368 0.872943 -0.266842 0.000000 0.909112 0.415258 -0.032813 -0.000000 0.082164 -0.255989 -0.963181 7.451148 0.000000 0.000000 0.000000 1.000000
-0.352463 0.906586 -0.232103 0.000000 0.929960 0.367035 0.021421 -0.000000 0.104609 -0.208297 -0.972455 7.451145 0.000000 0.000000 0.000000 1.000000
-0.498354 0.850854 -0.166401 -0.000004 0.854708 0.514341 0.070204 -0.000000 0.145320 -0.107238 -0.983556 7.451147 0.000000 0.000000 0.000000 1.000000
-0.694884 0.714635 -0.080204 0.000008 0.707850 0.699395 0.098972 -0.000000 0.126823 0.012002 -0.991853 7.451146 0.000000 0.000000 0.000000 1.000000
-0.438792 0.898233 0.025250 -0.000004 0.895638 0.434904 0.093226 0.000000 0.072757 0.063522 -0.995325 7.451147 0.000000 0.000000 0.000000 1.000000
-0.476303 0.872414 0.109679 0.000000 0.878932 0.468883 0.087331 -0.000001 0.024763 0.137996 -0.990123 7.451149 0.000000 0.000000 0.000000 1.000000
-0.588491 0.790956 0.167530 0.000000 0.807565 0.585032 0.074676 0.000000 -0.038945 0.179238 -0.983035 7.451147 0.000000 0.000000 0.000000 1.000000
-0.704990 0.682321 0.193459 0.000004 0.701839 0.710443 0.051893 -0.000001 -0.102034 0.172361 -0.979735 7.451145 0.000000 0.000000 0.000000 1.000000
-0.791614 0.582006 0.186052 0.000000 0.594863 0.803645 0.017071 0.000000 -0.139584 0.124189 -0.982392 7.451146 0.000000 0.000000 0.000000 1.000000
-0.861885 0.484427 0.149946 0.000008 0.486696 0.873250 -0.023677 -0.000000 -0.142410 0.052571 -0.988411 7.451146 0.000000 0.000000 0.000000 1.000000
-0.928100 0.360386 0.093555 0.000000 0.355666 0.932448 -0.063573 -0.000000 -0.110147 -0.025728 -0.993582 7.451147 0.000000 0.000000 0.000000 1.000000
-0.988720 0.147944 0.023370 0.000000 0.145102 0.984804 -0.095424 -0.000000 -0.037132 -0.090956 -0.995162 7.451145 0.000000 0.000000 0.000000 1.000000
-0.972971 -0.224319 -0.054843 0.000008 -0.217070 0.969452 -0.114203 0.000000 0.078785 -0.099211 -0.991943 7.451145 0.000000 0.000000 0.000000 1.000000</float_array><technique_common><accessor source="#LLeg1-Matrix-animation-output-transform-array" count="101" stride="16"><param type="float4x4"/></accessor></technique_common></source><source id="LLeg1-Interpolations"><Name_array id="LLeg1-Interpolations-array" count="101">
 LINEAR LINEAR LINEAR LINEAR LINEAR LINEAR LINEAR LINEAR LINEAR LINEAR LINEAR
LINEAR LINEAR LINEAR LINEAR LINEAR LINEAR LINEAR LINEAR LINEAR LINEAR LINEAR LINEAR
LINEAR LINEAR LINEAR LINEAR LINEAR LINEAR LINEAR LINEAR LINEAR LINEAR LINEAR LINEAR
LINEAR LINEAR LINEAR LINEAR LINEAR LINEAR LINEAR LINEAR LINEAR LINEAR LINEAR LINEAR
LINEAR LINEAR LINEAR LINEAR LINEAR LINEAR LINEAR LINEAR LINEAR LINEAR LINEAR LINEAR
LINEAR LINEAR LINEAR LINEAR LINEAR LINEAR LINEAR LINEAR LINEAR LINEAR LINEAR LINEAR
LINEAR LINEAR LINEAR LINEAR LINEAR LINEAR LINEAR LINEAR LINEAR LINEAR LINEAR LINEAR
LINEAR LINEAR LINEAR LINEAR LINEAR LINEAR LINEAR LINEAR LINEAR LINEAR LINEAR LINEAR
LINEAR LINEAR LINEAR LINEAR LINEAR LINEAR</Name_array><technique_common><accessor source="#LLeg1-Interpolations-array" count="101"><param type="name"/></accessor></technique_common></source><sampler id="LLeg1-Matrix-animation-transform"><input semantic="INPUT" source="#LLeg1-Matrix-animation-input"/><input semantic="OUTPUT" source="#LLeg1-Matrix-animation-output-transform"/><input semantic="INTERPOLATION" source="#LLeg1-Interpolations"/></sampler><channel source="#LLeg1-Matrix-animation-transform" target="LLeg1/matrix"/></animation></animation>
    <animation id="LLeg2-anim" name="LLeg2"><animation><source id="LLeg2-Matrix-animation-input"><float_array id="LLeg2-Matrix-animation-input-array" count="101">

0.000000 0.033333 0.066667 0.100000 0.133333 0.166667 0.200000 0.233333 0.266667 0.300000 0.333333 0.366667 0.400000 0.433333 0.466667 0.500000
0.533333 0.566667 0.600000 0.633333 0.666667 0.700000 0.733333 0.766667 0.800000 0.833333 0.866667 0.900000 0.933333 0.966667 1.000000 1.033333
1.066667 1.100000 1.133333 1.166667 1.200000 1.233333 1.266667 1.300000 1.333333 1.366667 1.400000 1.433333 1.466667 1.500000 1.533333 1.566667
1.600000 1.633333 1.666667 1.700000 1.733333 1.766667 1.800000 1.833333 1.866667 1.900000 1.933333 1.966667 2.000000 2.033333 2.066667 2.100000
2.133333 2.166667 2.200000 2.233333 2.266667 2.300000 2.333333 2.366667 2.400000 2.433333 2.466667 2.500000 2.533333 2.566667 2.600000 2.633333
2.666667 2.700000 2.733333 2.766667 2.800000 2.833333 2.866667 2.900000 2.933333 2.966667 3.000000 3.033333 3.066667 3.100000 3.133333 3.166667
3.200000 3.233333 3.266667 3.300000 3.333333</float_array><technique_common><accessor source="#LLeg2-Matrix-animation-input-array" count="101"><param name="TIME" type="float"/></accessor></technique_common></source><source id="LLeg2-Matrix-animation-output-transform"><float_array id="LLeg2-Matrix-animation-output-transform-array" count="1616">

0.466784 0.884341 0.007266 30.975603 -0.883712 0.466737 -0.034775 -0.000036 -0.034144 0.009811 0.999369 -0.000003 0.000000 0.000000 0.000000 1.000000
0.622443 0.782643 0.005899 30.975601 -0.782096 0.622260 -0.033417 -0.000036 -0.029824 0.016187 0.999424 -0.000004 0.000000 0.000000 0.000000 1.000000
0.324906 0.945719 0.007126 30.975609 -0.945065 0.324948 -0.035506 -0.000036 -0.035894 0.004801 0.999344 -0.000004 0.000000 0.000000 0.000000 1.000000
0.109781 0.993930 0.007075 30.975607 -0.993257 0.109967 -0.036727 -0.000034 -0.037282 -0.002996 0.999300 -0.000003 0.000000 0.000000 0.000000 1.000000
0.045049 0.998964 0.006580 30.975607 -0.998298 0.045261 -0.036776 -0.000038 -0.037036 -0.004912 0.999302 -0.000005 0.000000 0.000000 0.000000 1.000000
