<?xml version="1.0" encoding="utf-8"?>
<COLLADA xmlns="http://www.collada.org/2005/11/COLLADASchema" version="1.4.1">
  <asset><contributor><author></author><authoring_tool>FBX COLLADA exporter</authoring_tool><comments></comments></contributor><created>2015-05-01T22:32:52Z</created><keywords></keywords><modified>2015-05-01T22:32:52Z</modified><revision></revision><subject></subject><title></title><unit meter="1.000000" name="centimeter"></unit><up_axis>Y_UP</up_axis></asset>
  <library_animations>
    <animation id="DroidControl-anim" name="DroidControl"><animation><source id="DroidControl-Matrix-animation-input"><float_array id="DroidControl-Matrix-animation-input-array" count="0">
</float_array><technique_common><accessor source="#DroidControl-Matrix-animation-input-array" count="0"><param name="TIME" type="float"/></accessor></technique_common></source><source id="DroidControl-Matrix-animation-output-transform"><float_array id="DroidControl-Matrix-animation-output-transform-array" count="0">
</float_array><technique_common><accessor source="#DroidControl-Matrix-animation-output-transform-array" count="0" stride="16"><param type="float4x4"/></accessor></technique_common></source><source id="DroidControl-Interpolations"><Name_array id="DroidControl-Interpolations-array" count="0">
</Name_array><technique_common><accessor source="#DroidControl-Interpolations-array" count="0"><param type="name"/></accessor></technique_common></source><sampler id="DroidControl-Matrix-animation-transform"><input semantic="INPUT" source="#DroidControl-Matrix-animation-input"/><input semantic="OUTPUT" source="#DroidControl-Matrix-animation-output-transform"/><input semantic="INTERPOLATION" source="#DroidControl-Interpolations"/></sampler><channel source="#DroidControl-Matrix-animation-transform" target="DroidControl/matrix"/></animation></animation>
    <animation id="Pelvis-anim" name="Pelvis"><animation><source id="Pelvis-Matrix-animation-input"><float_array id="Pelvis-Matrix-animation-input-array" count="16">

0.000000 0.033333 0.066667 0.100000 0.133333 0.166667 0.200000 0.233333 0.266667 0.300000 0.333333 0.366667 0.400000 0.433333 0.466667 0.500000</float_array><technique_common><accessor source="#Pelvis-Matrix-animation-input-array" count="16"><param name="TIME" type="float"/></accessor></technique_common></source><source id="Pelvis-Matrix-animation-output-transform"><float_array id="Pelvis-Matrix-animation-output-transform-array" count="256">

0.000000 -0.000000 1.000000 -0.000000 1.000000 0.000000 -0.000000 44.433167 0.000000 1.000000 0.000000 -9.504589 0.000000 0.000000 0.000000 1.000000
0.000000 -0.000000 1.000000 -0.000000 0.995908 0.090375 0.000000 44.146000 -0.090375 0.995908 0.000000 -10.424806 0.000000 0.000000 0.000000 1.000000
0.000000 -0.000000 1.000000 -0.000000 0.966757 0.255696 0.000000 43.612690 -0.255696 0.966757 0.000000 -12.133780 0.000000 0.000000 0.000000 1.000000
0.000000 -0.000000 1.000000 -0.000000 0.939693 0.342020 0.000000 43.325523 -0.342020 0.939693 0.000000 -13.053997 0.000000 0.000000 0.000000 1.000000
0.000000 -0.000000 1.000000 -0.000000 0.942019 0.335558 0.000000 43.347317 -0.335558 0.942019 0.000000 -12.984159 0.000000 0.000000 0.000000 1.000000
0.000000 -0.000000 1.000000 -0.000000 0.948221 0.317611 0.000000 43.407570 -0.317611 0.948221 0.000000 -12.791078 0.000000 0.000000 0.000000 1.000000
0.000000 -0.000000 1.000000 -0.000000 0.956940 0.290285 0.000000 43.498592 -0.290285 0.956940 0.000000 -12.499402 0.000000 0.000000 0.000000 1.000000
0.000000 -0.000000 1.000000 -0.000000 0.966757 0.255696 0.000000 43.612690 -0.255696 0.966757 0.000000 -12.133780 0.000000 0.000000 0.000000 1.000000
0.000000 -0.000000 1.000000 -0.000000 0.976383 0.216045 0.000000 43.742172 -0.216045 0.976383 0.000000 -11.718861 0.000000 0.000000 0.000000 1.000000
0.000000 -0.000000 1.000000 -0.000000 0.984808 0.173648 0.000000 43.879345 -0.173648 0.984808 0.000000 -11.279293 0.000000 0.000000 0.000000 1.000000
0.000000 -0.000000 1.000000 -0.000000 0.991392 0.130927 0.000000 44.016518 -0.130927 0.991392 0.000000 -10.839725 0.000000 0.000000 0.000000 1.000000
0.000000 -0.000000 1.000000 -0.000000 0.995908 0.090375 0.000000 44.146000 -0.090375 0.995908 0.000000 -10.424806 0.000000 0.000000 0.000000 1.000000
0.000000 -0.000000 1.000000 -0.000000 0.998513 0.054515 0.000000 44.260098 -0.054515 0.998513 0.000000 -10.059184 0.000000 0.000000 0.000000 1.000000
0.000000 -0.000000 1.000000 -0.000000 0.999666 0.025854 0.000000 44.351120 -0.025854 0.999666 0.000000 -9.767509 0.000000 0.000000 0.000000 1.000000
0.000000 -0.000000 1.000000 -0.000000 0.999976 0.006869 0.000000 44.411373 -0.006869 0.999976 0.000000 -9.574427 0.000000 0.000000 0.000000 1.000000
0.000000 -0.000000 1.000000 -0.000000 1.000000 0.000000 -0.000000 44.433167 0.000000 1.000000 0.000000 -9.504589 0.000000 0.000000 0.000000 1.000000</float_array><technique_common><accessor source="#Pelvis-Matrix-animation-output-transform-array" count="16" stride="16"><param type="float4x4"/></accessor></technique_common></source><source id="Pelvis-Interpolations"><Name_array id="Pelvis-Interpolations-array" count="16">
 LINEAR LINEAR LINEAR LINEAR LINEAR LINEAR LINEAR LINEAR LINEAR LINEAR LINEAR
LINEAR LINEAR LINEAR LINEAR LINEAR</Name_array><technique_common><accessor source="#Pelvis-Interpolations-array" count="16"><param type="name"/></accessor></technique_common></source><sampler id="Pelvis-Matrix-animation-transform"><input semantic="INPUT" source="#Pelvis-Matrix-animation-input"/><input semantic="OUTPUT" source="#Pelvis-Matrix-animation-output-transform"/><input semantic="INTERPOLATION" source="#Pelvis-Interpolations"/></sampler><channel source="#Pelvis-Matrix-animation-transform" target="Pelvis/matrix"/></animation></animation>
    <animation id="LLeg1-anim" name="LLeg1"><animation><source id="LLeg1-Matrix-animation-input"><float_array id="LLeg1-Matrix-animation-input-array" count="16">

0.000000 0.033333 0.066667 0.100000 0.133333 0.166667 0.200000 0.233333 0.266667 0.300000 0.333333 0.366667 0.400000 0.433333 0.466667 0.500000</float_array><technique_common><accessor source="#LLeg1-Matrix-animation-input-array" count="16"><param name="TIME" type="float"/></accessor></technique_common></source><source id="LLeg1-Matrix-animation-output-transform"><float_array id="LLeg1-Matrix-animation-output-transform-array" count="256">

-0.412689 0.906630 -0.087805 0.000000 0.852721 0.418434 0.312697 0.000000 0.320241 0.054174 -0.945785 7.451146 0.000000 0.000000 0.000000 1.000000
-0.463650 0.879152 -0.110090 0.000000 0.824677 0.473635 0.309157 0.000000 0.323938 0.052552 -0.944617 7.451147 0.000000 0.000000 0.000000 1.000000
-0.553583 0.819009 -0.150898 -0.000000 0.764329 0.571610 0.298434 0.000000 0.330674 0.049872 -0.942426 7.451146 0.000000 0.000000 0.000000 1.000000
-0.599142 0.781869 -0.172365 -0.000000 0.727537 0.621544 0.290471 -0.000001 0.334243 0.048632 -0.941231 7.451146 0.000000 0.000000 0.000000 1.000000
-0.595761 0.784801 -0.170750 0.000000 0.730432 0.617829 0.291128 -0.000001 0.333972 0.048722 -0.941322 7.451146 0.000000 0.000000 0.000000 1.000000
-0.586346 0.792812 -0.166275 0.000000 0.738349 0.607496 0.292899 -0.000001 0.333225 0.048972 -0.941574 7.451146 0.000000 0.000000 0.000000 1.000000
-0.571941 0.804643 -0.159479 0.000000 0.750063 0.591704 0.295451 -0.000001 0.332096 0.049361 -0.941953 7.451146 0.000000 0.000000 0.000000 1.000000
-0.553583 0.819009 -0.150898 -0.000000 0.764329 0.571610 0.298434 0.000000 0.330674 0.049872 -0.942426 7.451146 0.000000 0.000000 0.000000 1.000000
-0.532357 0.834680 -0.141087 -0.000000 0.779949 0.548417 0.301527 0.000000 0.329053 0.050480 -0.942961 7.451146 0.000000 0.000000 0.000000 1.000000
-0.509432 0.850540 -0.130617 0.000000 0.795825 0.523417 0.304463 0.000000 0.327325 0.051155 -0.943526 7.451146 0.000000 0.000000 0.000000 1.000000
-0.486075 0.865627 -0.120083 0.000000 0.811001 0.497996 0.307046 -0.000000 0.325588 0.051860 -0.944088 7.451147 0.000000 0.000000 0.000000 1.000000
-0.463650 0.879152 -0.110090 0.000000 0.824677 0.473635 0.309157 0.000000 0.323938 0.052552 -0.944617 7.451147 0.000000 0.000000 0.000000 1.000000
-0.443599 0.890488 -0.101252 0.000000 0.836199 0.451889 0.310752 0.000000 0.322476 0.053182 -0.945082 7.451146 0.000000 0.000000 0.000000 1.000000
-0.427415 0.899136 -0.094185 -0.000000 0.845033 0.434362 0.311847 -0.000000 0.321303 0.053699 -0.945452 7.451146 0.000000 0.000000 0.000000 1.000000
-0.416613 0.904667 -0.089500 0.000000 0.850704 0.422677 0.312484 0.000000 0.320524 0.054047 -0.945697 7.451146 0.000000 0.000000 0.000000 1.000000
-0.412689 0.906630 -0.087805 0.000000 0.852721 0.418434 0.312697 0.000000 0.320241 0.054174 -0.945785 7.451146 0.000000 0.000000 0.000000 1.000000</float_array><technique_common><accessor source="#LLeg1-Matrix-animation-output-transform-array" count="16" stride="16"><param type="float4x4"/></accessor></technique_common></source><source id="LLeg1-Interpolations"><Name_array id="LLeg1-Interpolations-array" count="16">
 LINEAR LINEAR LINEAR LINEAR LINEAR LINEAR LINEAR LINEAR LINEAR LINEAR LINEAR
LINEAR LINEAR LINEAR LINEAR LINEAR</Name_array><technique_common><accessor source="#LLeg1-Interpolations-array" count="16"><param type="name"/></accessor></technique_common></source><sampler id="LLeg1-Matrix-animation-transform"><input semantic="INPUT" source="#LLeg1-Matrix-animation-input"/><input semantic="OUTPUT" source="#LLeg1-Matrix-animation-output-transform"/><input semantic="INTERPOLATION" source="#LLeg1-Interpolations"/></sampler><channel source="#LLeg1-Matrix-animation-transform" target="LLeg1/matrix"/></animation></animation>
    <animation id="LLeg2-anim" name="LLeg2"><animation><source id="LLeg2-Matrix-animation-input"><float_array id="LLeg2-Matrix-animation-input-array" count="16">

0.000000 0.033333 0.066667 0.100000 0.133333 0.166667 0.200000 0.233333 0.266667 0.300000 0.333333 0.366667 0.400000 0.433333 0.466667 0.500000</float_array><technique_common><accessor source="#LLeg2-Matrix-animation-input-array" count="16"><param name="TIME" type="float"/></accessor></technique_common></source><source id="LLeg2-Matrix-animation-output-transform"><float_array id="LLeg2-Matrix-animation-output-transform-array" count="256">

-0.317545 0.947663 -0.033177 30.975620 -0.947987 -0.316454 0.034304 -0.000038 0.022010 0.042345 0.998861 0.000005 0.000000 0.000000 0.000000 1.000000
-0.328196 0.944033 -0.033024 30.975620 -0.944357 -0.327100 0.034567 -0.000038 0.021830 0.042531 0.998857 0.000007 0.000000 0.000000 0.000000 1.000000
-0.345525 0.937836 -0.032807 30.975620 -0.938159 -0.344414 0.035173 -0.000034 0.021687 0.042931 0.998843 0.000003 0.000000 0.000000 0.000000 1.000000
-0.353846 0.934732 -0.032698 30.975616 -0.935054 -0.352727 0.035463 -0.000042 0.021615 0.043123 0.998836 0.000007 0.000000 0.000000 0.000000 1.000000
-0.353437 0.934888 -0.032664 30.975618 -0.935205 -0.352314 0.035582 -0.000038 0.021757 0.043123 0.998833 0.000006 0.000000 0.000000 0.000000 1.000000
-0.351541 0.935601 -0.032728 30.975616 -0.935923 -0.350424 0.035380 -0.000038 0.021633 0.043069 0.998838 0.000006 0.000000 0.000000 0.000000 1.000000
-0.348916 0.936582 -0.032763 30.975618 -0.936903 -0.347802 0.035291 -0.000038 0.021658 0.043009 0.998840 0.000003 0.000000 0.000000 0.000000 1.000000
-0.345525 0.937836 -0.032807 30.975620 -0.938159 -0.344414 0.035173 -0.000034 0.021687 0.042931 0.998843 0.000003 0.000000 0.000000 0.000000 1.000000
-0.341542 0.939293 -0.032858 30.975618 -0.939616 -0.340434 0.035033 -0.000038 0.021720 0.042839 0.998846 0.000008 0.000000 0.000000 0.000000 1.000000
-0.337165 0.940870 -0.032913 30.975613 -0.941194 -0.336062 0.034880 -0.000038 0.021756 0.042738 0.998849 0.000007 0.000000 0.000000 0.000000 1.000000
-0.332170 0.942644 -0.032966 30.975615 -0.942966 -0.331069 0.034757 -0.000038 0.021849 0.042631 0.998852 0.000002 0.000000 0.000000 0.000000 1.000000
-0.328196 0.944033 -0.033024 30.975620 -0.944357 -0.327100 0.034567 -0.000038 0.021830 0.042531 0.998857 0.000007 0.000000 0.000000 0.000000 1.000000
-0.324172 0.945421 -0.033072 30.975616 -0.945745 -0.323080 0.034426 -0.000042 0.021862 0.042438 0.998860 0.000008 0.000000 0.000000 0.000000 1.000000
-0.320882 0.946541 -0.033111 30.975620 -0.946867 -0.319792 0.034311 -0.000034 0.021888 0.042362 0.998863 0.000004 0.000000 0.000000 0.000000 1.000000
-0.318989 0.947180 -0.033121 30.975615 -0.947505 -0.317903 0.034220 -0.000031 0.021883 0.042298 0.998865 0.000000 0.000000 0.000000 0.000000 1.000000
-0.317545 0.947663 -0.033177 30.975620 -0.947987 -0.316454 0.034304 -0.000038 0.022010 0.042345 0.998861 0.000005 0.000000 0.000000 0.000000 1.000000</float_array><technique_common><accessor source="#LLeg2-Matrix-animation-output-transform-array" count="16" stride="16"><param type="float4x4"/></accessor></technique_common></source><source id="LLeg2-Interpolations"><Name_array id="LLeg2-Interpolations-array" count="16">
 LINEAR LINEAR LINEAR LINEAR LINEAR LINEAR LINEAR LINEAR LINEAR LINEAR LINEAR
LINEAR LINEAR LINEAR LINEAR LINEAR</Name_array><technique_common><accessor source="#LLeg2-Interpolations-array" count="16"><param type="name"/></accessor></technique_common></source><sampler id="LLeg2-Matrix-animation-transform"><input semantic="INPUT" source="#LLeg2-Matrix-animation-input"/><input semantic="OUTPUT" source="#LLeg2-Matrix-animation-output-transform"/><input semantic="INTERPOLATION" source="#LLeg2-Interpolations"/></sampler><channel source="#LLeg2-Matrix-animation-transform" target="LLeg2/matrix"/></animation></animation>
    <animation id="LLegAnkle-anim" name="LLegAnkle"><animation><source id="LLegAnkle-Matrix-animation-input"><float_array id="LLegAnkle-Matrix-animation-input-array" count="16">

0.000000 0.033333 0.066667 0.100000 0.133333 0.166667 0.200000 0.233333 0.266667 0.300000 0.333333 0.366667 0.400000 0.433333 0.466667 0.500000</float_array><technique_common><accessor source="#LLegAnkle-Matrix-animation-input-array" count="16"><param name="TIME" type="float"/></accessor></technique_common></source><source id="LLegAnkle-Matrix-animation-output-transform"><float_array id="LLegAnkle-Matrix-animation-output-transform-array" count="256">

-0.600605 -0.780314 0.174307 42.417763 0.740509 -0.625095 -0.246785 -0.000001 0.301528 -0.019144 0.953265 -0.000000 0.000000 0.000000 0.000000 1.000000
-0.585516 -0.791126 0.176895 42.417763 0.751090 -0.611519 -0.248816 -0.000002 0.305019 -0.012822 0.952260 -0.000000 0.000000 0.000000 0.000000 1.000000
-0.555757 -0.811201 0.181896 42.417763 0.770740 -0.584767 -0.253000 -0.000000 0.311601 -0.000412 0.950213 -0.000002 0.000000 0.000000 0.000000 1.000000
-0.539492 -0.821547 0.184418 42.417767 0.780962 -0.570106 -0.255106 -0.000001 0.314719 0.006396 0.949164 -0.000001 0.000000 0.000000 0.000000 1.000000
-0.540157 -0.821218 0.183935 42.417770 0.780912 -0.570580 -0.254198 0.000002 0.313701 0.006331 0.949501 -0.000001 0.000000 0.000000 0.000000 1.000000
-0.544194 -0.818593 0.183737 42.417774 0.778020 -0.574358 -0.254556 0.000002 0.313909 0.004423 0.949443 -0.000001 0.000000 0.000000 0.000000 1.000000
-0.549608 -0.815170 0.182838 42.417770 0.774674 -0.579218 -0.253745 0.000001 0.312748 0.002179 0.949834 0.000001 0.000000 0.000000 0.000000 1.000000
-0.555757 -0.811201 0.181896 42.417763 0.770740 -0.584767 -0.253000 -0.000000 0.311601 -0.000412 0.950213 -0.000002 0.000000 0.000000 0.000000 1.000000
-0.563080 -0.806401 0.180717 42.417770 0.766020 -0.591359 -0.252010 -0.000001 0.310090 -0.003469 0.950701 0.000000 0.000000 0.000000 0.000000 1.000000
-0.570981 -0.801110 0.179454 42.417774 0.760818 -0.598479 -0.250958 0.000002 0.308445 -0.006760 0.951219 -0.000000 0.000000 0.000000 0.000000 1.000000
-0.578906 -0.795647 0.178365 42.417767 0.755307 -0.605675 -0.250340 -0.000000 0.307214 -0.010203 0.951586 0.000002 0.000000 0.000000 0.000000 1.000000
-0.585516 -0.791126 0.176895 42.417763 0.751090 -0.611519 -0.248816 -0.000002 0.305019 -0.012822 0.952260 -0.000000 0.000000 0.000000 0.000000 1.000000
-0.591528 -0.786869 0.175876 42.417763 0.746919 -0.616930 -0.248014 -0.000000 0.303658 -0.015342 0.952658 -0.000001 0.000000 0.000000 0.000000 1.000000
-0.596137 -0.783572 0.175034 42.417770 0.743710 -0.621061 -0.247344 0.000004 0.302519 -0.017276 0.952987 0.000000 0.000000 0.000000 0.000000 1.000000
-0.598405 -0.781995 0.174345 42.417770 0.742316 -0.623021 -0.246603 0.000001 0.301464 -0.018149 0.953305 0.000001 0.000000 0.000000 0.000000 1.000000
-0.600605 -0.780314 0.174307 42.417763 0.740509 -0.625095 -0.246785 -0.000001 0.301528 -0.019144 0.953265 -0.000000 0.000000 0.000000 0.000000 1.000000</float_array><technique_common><accessor source="#LLegAnkle-Matrix-animation-output-transform-array" count="16" stride="16"><param type="float4x4"/></accessor></technique_common></source><source id="LLegAnkle-Interpolations"><Name_array id="LLegAnkle-Interpolations-array" count="16">
 LINEAR LINEAR LINEAR LINEAR LINEAR LINEAR LINEAR LINEAR LINEAR LINEAR LINEAR
LINEAR LINEAR LINEAR LINEAR LINEAR</Name_array><technique_common><accessor source="#LLegAnkle-Interpolations-array" count="16"><param type="name"/></accessor></technique_common></source><sampler id="LLegAnkle-Matrix-animation-transform"><input semantic="INPUT" source="#LLegAnkle-Matrix-animation-input"/><input semantic="OUTPUT" source="#LLegAnkle-Matrix-animation-output-transform"/><input semantic="INTERPOLATION" source="#LLegAnkle-Interpolations"/></sampler><channel source="#LLegAnkle-Matrix-animation-transform" target="LLegAnkle/matrix"/></animation></animation>
    <animation id="RLeg1-anim" name="RLeg1"><animation><source id="RLeg1-Matrix-animation-input"><float_array id="RLeg1-Matrix-animation-input-array" count="16">

0.000000 0.033333 0.066667 0.100000 0.133333 0.166667 0.200000 0.233333 0.266667 0.300000 0.333333 0.366667 0.400000 0.433333 0.466667 0.500000</float_array><technique_common><accessor source="#RLeg1-Matrix-animation-input-array" count="16"><param name="TIME" type="float"/></accessor></technique_common></source><source id="RLeg1-Matrix-animation-output-transform"><float_array id="RLeg1-Matrix-animation-output-transform-array" count="256">

-0.044575 0.998265 0.038479 0.000000 0.979097 0.051306 -0.196814 -0.000001 -0.198447 0.028901 -0.979685 -7.451144 0.000000 0.000000 0.000000 1.000000
-0.122585 0.991292 0.048105 0.000000 0.971149 0.129802 -0.200051 -0.000001 -0.204553 0.022194 -0.978604 -7.451144 0.000000 0.000000 0.000000 1.000000
-0.266230 0.961513 0.067932 -0.000000 0.939534 0.274601 -0.204619 0.000000 -0.215398 0.009349 -0.976481 -7.451144 0.000000 0.000000 0.000000 1.000000
-0.341934 0.936348 0.079587 -0.000000 0.913371 0.351067 -0.206166 -0.000000 -0.220984 0.002197 -0.975275 -7.451144 0.000000 0.000000 0.000000 1.000000
-0.336246 0.938482 0.078681 0.000000 0.915581 0.345319 -0.206074 -0.000000 -0.220567 0.002747 -0.975368 -7.451144 0.000000 0.000000 0.000000 1.000000
-0.320469 0.944190 0.076191 0.000000 0.921499 0.329374 -0.205796 -0.000000 -0.219406 0.004259 -0.975624 -7.451144 0.000000 0.000000 0.000000 1.000000
-0.296495 0.952281 0.072485 0.000000 0.929906 0.305157 -0.205317 0.000000 -0.217638 0.006529 -0.976007 -7.451144 0.000000 0.000000 0.000000 1.000000
-0.266230 0.961513 0.067932 -0.000000 0.939534 0.274601 -0.204619 0.000000 -0.215398 0.009349 -0.976481 -7.451144 0.000000 0.000000 0.000000 1.000000
-0.231635 0.970768 0.062895 0.000000 0.949237 0.239695 -0.203701 -0.000001 -0.212822 0.012518 -0.977011 -7.451145 0.000000 0.000000 0.000000 1.000000
-0.194752 0.979154 0.057712 0.000000 0.958097 0.202505 -0.202590 -0.000001 -0.210054 0.015839 -0.977561 -7.451145 0.000000 0.000000 0.000000 1.000000
-0.157687 0.986083 0.052691 -0.000000 0.965497 0.165154 -0.201344 -0.000001 -0.207244 0.019124 -0.978102 -7.451144 0.000000 0.000000 0.000000 1.000000
-0.122585 0.991292 0.048105 0.000000 0.971149 0.129802 -0.200051 -0.000001 -0.204553 0.022194 -0.978604 -7.451144 0.000000 0.000000 0.000000 1.000000
-0.091598 0.994816 0.044189 -0.000000 0.975062 0.098611 -0.198823 -0.000001 -0.202150 0.024875 -0.979039 -7.451144 0.000000 0.000000 0.000000 1.000000
-0.066865 0.996913 0.041151 -0.000000 0.977468 0.073726 -0.197788 -0.000000 -0.200211 0.026999 -0.979380 -7.451144 0.000000 0.000000 0.000000 1.000000
-0.050495 0.997956 0.039182 -0.000000 0.978715 0.057259 -0.197077 -0.000001 -0.198917 0.028397 -0.979604 -7.451144 0.000000 0.000000 0.000000 1.000000
-0.044575 0.998265 0.038479 0.000000 0.979097 0.051306 -0.196814 -0.000001 -0.198447 0.028901 -0.979685 -7.451144 0.000000 0.000000 0.000000 1.000000</float_array><technique_common><accessor source="#RLeg1-Matrix-animation-output-transform-array" count="16" stride="16"><param type="float4x4"/></accessor></technique_common></source><source id="RLeg1-Interpolations"><Name_array id="RLeg1-Interpolations-array" count="16">
 LINEAR LINEAR LINEAR LINEAR LINEAR LINEAR LINEAR LINEAR LINEAR LINEAR LINEAR
LINEAR LINEAR LINEAR LINEAR LINEAR</Name_array><technique_common><accessor source="#RLeg1-Interpolations-array" count="16"><param type="name"/></accessor></technique_common></source><sampler id="RLeg1-Matrix-animation-transform"><input semantic="INPUT" source="#RLeg1-Matrix-animation-input"/><input semantic="OUTPUT" source="#RLeg1-Matrix-animation-output-transform"/><input semantic="INTERPOLATION" source="#RLeg1-Interpolations"/></sampler><channel source="#RLeg1-Matrix-animation-transform" target="RLeg1/matrix"/></animation></animation>
    <animation id="RLeg2-anim" name="RLeg2"><animation><source id="RLeg2-Matrix-animation-input"><float_array id="RLeg2-Matrix-animation-input-array" count="16">

0.000000 0.033333 0.066667 0.100000 0.133333 0.166667 0.200000 0.233333 0.266667 0.300000 0.333333 0.366667 0.400000 0.433333 0.466667 0.500000</float_array><technique_common><accessor source="#RLeg2-Matrix-animation-input-array" count="16"><param name="TIME" type="float"/></accessor></technique_common></source><source id="RLeg2-Matrix-animation-output-transform"><float_array id="RLeg2-Matrix-animation-output-transform-array" count="256">

0.002759 0.999295 0.037435 30.975603 -0.999669 0.003713 -0.025440 -0.000038 -0.025561 -0.037352 0.998975 0.000003 0.000000 0.000000 0.000000 1.000000
0.013998 0.999201 0.037431 30.975599 -0.999574 0.014941 -0.025037 -0.000038 -0.025576 -0.037065 0.998985 0.000004 0.000000 0.000000 0.000000 1.000000
0.035841 0.998658 0.037411 30.975599 -0.999030 0.036761 -0.024219 -0.000038 -0.025562 -0.036507 0.999006 0.000005 0.000000 0.000000 0.000000 1.000000
0.048955 0.998101 0.037390 30.975605 -0.998474 0.049862 -0.023724 -0.000042 -0.025544 -0.036171 0.999019 0.000002 0.000000 0.000000 0.000000 1.000000
0.047616 0.998166 0.037393 30.975601 -0.998538 0.048525 -0.023780 -0.000034 -0.025550 -0.036206 0.999018 0.000003 0.000000 0.000000 0.000000 1.000000
0.045376 0.998269 0.037397 30.975597 -0.998642 0.046288 -0.023880 -0.000034 -0.025570 -0.036263 0.999015 0.000003 0.000000 0.000000 0.000000 1.000000
0.040829 0.998466 0.037404 30.975597 -0.998839 0.041744 -0.024033 -0.000038 -0.025557 -0.036379 0.999011 0.000007 0.000000 0.000000 0.000000 1.000000
0.035841 0.998658 0.037411 30.975599 -0.999030 0.036761 -0.024219 -0.000038 -0.025562 -0.036507 0.999006 0.000005 0.000000 0.000000 0.000000 1.000000
0.030312 0.998840 0.037418 30.975597 -0.999213 0.031238 -0.024426 -0.000034 -0.025567 -0.036648 0.999001 0.000004 0.000000 0.000000 0.000000 1.000000
0.024613 0.998997 0.037424 30.975603 -0.999369 0.025546 -0.024640 -0.000034 -0.025571 -0.036794 0.998996 0.000004 0.000000 0.000000 0.000000 1.000000
0.019420 0.999111 0.037428 30.975597 -0.999483 0.020359 -0.024866 -0.000031 -0.025606 -0.036926 0.998990 0.000005 0.000000 0.000000 0.000000 1.000000
0.013998 0.999201 0.037431 30.975599 -0.999574 0.014941 -0.025037 -0.000038 -0.025576 -0.037065 0.998985 0.000004 0.000000 0.000000 0.000000 1.000000
0.009641 0.999253 0.037433 30.975605 -0.999626 0.010589 -0.025200 -0.000042 -0.025578 -0.037176 0.998981 0.000005 0.000000 0.000000 0.000000 1.000000
0.006591 0.999278 0.037434 30.975597 -0.999651 0.007542 -0.025307 -0.000034 -0.025571 -0.037254 0.998978 0.000004 0.000000 0.000000 0.000000 1.000000
0.004382 0.999289 0.037435 30.975599 -0.999663 0.005335 -0.025391 -0.000038 -0.025573 -0.037311 0.998976 0.000003 0.000000 0.000000 0.000000 1.000000
0.002759 0.999295 0.037435 30.975603 -0.999669 0.003713 -0.025440 -0.000038 -0.025561 -0.037352 0.998975 0.000003 0.000000 0.000000 0.000000 1.000000</float_array><technique_common><accessor source="#RLeg2-Matrix-animation-output-transform-array" count="16" stride="16"><param type="float4x4"/></accessor></technique_common></source><source id="RLeg2-Interpolations"><Name_array id="RLeg2-Interpolations-array" count="16">
 LINEAR LINEAR LINEAR LINEAR LINEAR LINEAR LINEAR LINEAR LINEAR LINEAR LINEAR
LINEAR LINEAR LINEAR LINEAR LINEAR</Name_array><technique_common><accessor source="#RLeg2-Interpolations-array" count="16"><param type="name"/></accessor></technique_common></source><sampler id="RLeg2-Matrix-animation-transform"><input semantic="INPUT" source="#RLeg2-Matrix-animation-input"/><input semantic="OUTPUT" source="#RLeg2-Matrix-animation-output-transform"/><input semantic="INTERPOLATION" source="#RLeg2-Interpolations"/></sampler><channel source="#RLeg2-Matrix-animation-transform" target="RLeg2/matrix"/></animation></animation>
    <animation id="RLegAnkle-anim" name="RLegAnkle"><animation><source id="RLegAnkle-Matrix-animation-input"><float_array id="RLegAnkle-Matrix-animation-input-array" count="16">

0.000000 0.033333 0.066667 0.100000 0.133333 0.166667 0.200000 0.233333 0.266667 0.300000 0.333333 0.366667 0.400000 0.433333 0.466667 0.500000</float_array><technique_common><accessor source="#RLegAnkle-Matrix-animation-input-array" count="16"><param name="TIME" type="float"/></accessor></technique_common></source><source id="RLegAnkle-Matrix-animation-output-transform"><float_array id="RLegAnkle-Matrix-animation-output-transform-array" count="256">

0.036132 -0.999338 0.004346 42.417767 0.986272 0.036360 0.161078 0.000000 -0.161129 -0.001534 0.986932 -0.000001 0.000000 0.000000 0.000000 1.000000
0.058985 -0.998259 -0.000025 42.417767 0.984141 0.058147 0.167590 -0.000000 -0.167297 -0.009910 0.985857 0.000000 0.000000 0.000000 0.000000 1.000000
0.100509 -0.994904 -0.007953 42.417767 0.979023 0.097475 0.178924 0.000000 -0.177237 -0.025770 0.983831 -0.000001 0.000000 0.000000 0.000000 1.000000
0.123391 -0.992287 -0.011918 42.417763 0.975444 0.119071 0.185287 0.000002 -0.182439 -0.034488 0.982612 -0.000001 0.000000 0.000000 0.000000 1.000000
0.121202 -0.992558 -0.011732 42.417774 0.975842 0.116979 0.184522 0.000002 -0.181777 -0.033813 0.982758 0.000001 0.000000 0.000000 0.000000 1.000000
0.117341 -0.993034 -0.010724 42.417774 0.976396 0.113390 0.183834 0.000000 -0.181337 -0.032042 0.982899 0.000001 0.000000 0.000000 0.000000 1.000000
0.109405 -0.993951 -0.009591 42.417767 0.977707 0.105867 0.181333 0.000000 -0.179220 -0.029216 0.983375 0.000000 0.000000 0.000000 0.000000 1.000000
0.100509 -0.994904 -0.007953 42.417767 0.979023 0.097475 0.178924 0.000000 -0.177237 -0.025770 0.983831 -0.000001 0.000000 0.000000 0.000000 1.000000
0.090418 -0.995885 -0.006070 42.417770 0.980422 0.087940 0.176185 0.000002 -0.174926 -0.021882 0.984339 -0.000001 0.000000 0.000000 0.000000 1.000000
0.079733 -0.996808 -0.004046 42.417767 0.981794 0.077829 0.173275 -0.000002 -0.172407 -0.017789 0.984865 0.000000 0.000000 0.000000 0.000000 1.000000
0.069570 -0.997575 -0.001932 42.417770 0.982967 0.068221 0.170651 0.000000 -0.170106 -0.013771 0.985330 -0.000001 0.000000 0.000000 0.000000 1.000000
0.058985 -0.998259 -0.000025 42.417767 0.984141 0.058147 0.167590 -0.000000 -0.167297 -0.009910 0.985857 0.000000 0.000000 0.000000 0.000000 1.000000
0.050120 -0.998742 0.001731 42.417759 0.985016 0.049718 0.165142 0.000002 -0.165020 -0.006572 0.986268 0.000000 0.000000 0.000000 0.000000 1.000000
0.043452 -0.999051 0.003239 42.417767 0.985586 0.043397 0.163514 0.000002 -0.163500 -0.003913 0.986536 0.000000 0.000000 0.000000 0.000000 1.000000
0.038814 -0.999238 0.004191 42.417774 0.985945 0.038979 0.162459 0.000004 -0.162498 -0.002174 0.986706 0.000000 0.000000 0.000000 0.000000 1.000000
0.036132 -0.999338 0.004346 42.417767 0.986272 0.036360 0.161078 0.000000 -0.161129 -0.001534 0.986932 -0.000001 0.000000 0.000000 0.000000 1.000000</float_array><technique_common><accessor source="#RLegAnkle-Matrix-animation-output-transform-array" count="16" stride="16"><param type="float4x4"/></accessor></technique_common></source><source id="RLegAnkle-Interpolations"><Name_array id="RLegAnkle-Interpolations-array" count="16">
 LINEAR LINEAR LINEAR LINEAR LINEAR LINEAR LINEAR LINEAR LINEAR LINEAR LINEAR
LINEAR LINEAR LINEAR LINEAR LINEAR</Name_array><technique_common><accessor source="#RLegAnkle-Interpolations-array" count="16"><param type="name"/></accessor></technique_common></source><sampler id="RLegAnkle-Matrix-animation-transform"><input semantic="INPUT" source="#RLegAnkle-Matrix-animation-input"/><input semantic="OUTPUT" source="#RLegAnkle-Matrix-animation-output-transform"/><input semantic="INTERPOLATION" source="#RLegAnkle-Interpolations"/></sampler><channel source="#RLegAnkle-Matrix-animation-transform" target="RLegAnkle/matrix"/></animation></animation>
    <animation id="Spine1-anim" name="Spine1"><animation><source id="Spine1-Matrix-animation-input"><float_array id="Spine1-Matrix-animation-input-array" count="16">

0.000000 0.033333 0.066667 0.100000 0.133333 0.166667 0.200000 0.233333 0.266667 0.300000 0.333333 0.366667 0.400000 0.433333 0.466667 0.500000</float_array><technique_common><accessor source="#Spine1-Matrix-animation-input-array" count="16"><param name="TIME" type="float"/></accessor></technique_common></source><source id="Spine1-Matrix-animation-output-transform"><float_array id="Spine1-Matrix-animation-output-transform-array" count="256">

0.971719 -0.236122 -0.002899 0.000000 0.236140 0.971625 0.013534 0.000000 -0.000379 -0.013836 0.999904 0.000000 0.000000 0.000000 0.000000 1.000000
0.977935 -0.208879 -0.003490 0.000000 0.208909 0.977798 0.016390 0.000000 -0.000011 -0.016757 0.999860 0.000000 0.000000 0.000000 0.000000 1.000000
0.987543 -0.157247 -0.005641 0.000000 0.157334 0.987303 0.021869 0.000000 0.002130 -0.022484 0.999745 0.000000 0.000000 0.000000 0.000000 1.000000
0.991572 -0.129344 -0.007421 0.000000 0.129490 0.991268 0.024891 0.000000 0.004137 -0.025642 0.999663 0.000000 0.000000 0.000000 0.000000 1.000000
0.991295 -0.131456 -0.007270 0.000000 0.131597 0.990997 0.024660 0.000000 0.003963 -0.025403 0.999669 0.000000 0.000000 0.000000 0.000000 1.000000
0.990505 -0.137302 -0.006865 0.000000 0.137429 0.990220 0.024024 0.000000 0.003499 -0.024739 0.999688 0.000000 0.000000 0.000000 0.000000 1.000000
0.989243 -0.146147 -0.006293 0.000000 0.146255 0.988978 0.023065 0.000000 0.002853 -0.023738 0.999714 0.000000 0.000000 0.000000 0.000000 1.000000
0.987543 -0.157247 -0.005641 0.000000 0.157334 0.987303 0.021869 0.000000 0.002130 -0.022484 0.999745 0.000000 0.000000 0.000000 0.000000 1.000000
0.985458 -0.169844 -0.004986 0.000000 0.169911 0.985246 0.020521 0.000000 0.001427 -0.021070 0.999777 0.000000 0.000000 0.000000 0.000000 1.000000
0.983073 -0.183163 -0.004387 0.000000 0.183214 0.982888 0.019104 0.000000 0.000813 -0.019584 0.999808 0.000000 0.000000 0.000000 0.000000 1.000000
0.980510 -0.196430 -0.003882 0.000000 0.196468 0.980351 0.017701 0.000000 0.000329 -0.018119 0.999836 0.000000 0.000000 0.000000 0.000000 1.000000
0.977935 -0.208879 -0.003490 0.000000 0.208909 0.977798 0.016390 0.000000 -0.000011 -0.016757 0.999860 0.000000 0.000000 0.000000 0.000000 1.000000
0.975546 -0.219772 -0.003209 0.000000 0.219795 0.975427 0.015246 0.000000 -0.000220 -0.015579 0.999879 0.000000 0.000000 0.000000 0.000000 1.000000
0.973563 -0.228400 -0.003029 0.000000 0.228420 0.973457 0.014342 0.000000 -0.000327 -0.014655 0.999893 0.000000 0.000000 0.000000 0.000000 1.000000
0.972214 -0.234076 -0.002930 0.000000 0.234094 0.972117 0.013748 0.000000 -0.000369 -0.014052 0.999901 0.000000 0.000000 0.000000 0.000000 1.000000
0.971719 -0.236122 -0.002899 0.000000 0.236140 0.971625 0.013534 0.000000 -0.000379 -0.013836 0.999904 0.000000 0.000000 0.000000 0.000000 1.000000</float_array><technique_common><accessor source="#Spine1-Matrix-animation-output-transform-array" count="16" stride="16"><param type="float4x4"/></accessor></technique_common></source><source id="Spine1-Interpolations"><Name_array id="Spine1-Interpolations-array" count="16">
 LINEAR LINEAR LINEAR LINEAR LINEAR LINEAR LINEAR LINEAR LINEAR LINEAR LINEAR
LINEAR LINEAR LINEAR LINEAR LINEAR</Name_array><technique_common><accessor source="#Spine1-Interpolations-array" count="16"><param type="name"/></accessor></technique_common></source><sampler id="Spine1-Matrix-animation-transform"><input semantic="INPUT" source="#Spine1-Matrix-animation-input"/><input semantic="OUTPUT" source="#Spine1-Matrix-animation-output-transform"/><input semantic="INTERPOLATION" source="#Spine1-Interpolations"/></sampler><channel source="#Spine1-Matrix-animation-transform" target="Spine1/matrix"/></animation></animation>
    <animation id="Spine2-anim" name="Spine2"><animation><source id="Spine2-Matrix-animation-input"><float_array id="Spine2-Matrix-animation-input-array" count="16">

0.000000 0.033333 0.066667 0.100000 0.133333 0.166667 0.200000 0.233333 0.266667 0.300000 0.333333 0.366667 0.400000 0.433333 0.466667 0.500000</float_array><technique_common><accessor source="#Spine2-Matrix-animation-input-array" count="16"><param name="TIME" type="float"/></accessor></technique_common></source><source id="Spine2-Matrix-animation-output-transform"><float_array id="Spine2-Matrix-animation-output-transform-array" count="256">

0.998501 0.054565 0.004428 8.556759 -0.054740 0.994221 0.092342 -0.000000 0.000636 -0.092446 0.995717 -0.000000 0.000000 0.000000 0.000000 1.000000
0.997858 0.065169 0.005758 8.556759 -0.065404 0.991587 0.111707 0.000000 0.001571 -0.111845 0.993725 -0.000000 0.000000 0.000000 0.000000 1.000000
0.996240 0.086602 0.002267 8.556755 -0.085957 0.984877 0.150427 0.000000 0.010794 -0.150056 0.988619 0.000000 0.000000 0.000000 0.000000 1.000000
0.995085 0.098976 -0.003165 8.556751 -0.096944 0.980186 0.172736 0.000000 0.020199 -0.171580 0.984963 -0.000000 0.000000 0.000000 0.000000 1.000000
0.995181 0.098016 -0.002658 8.556755 -0.096120 0.980570 0.171008 0.000002 0.019367 -0.169928 0.985266 0.000000 0.000000 0.000000 0.000000 1.000000
0.995440 0.095381 -0.001338 8.556755 -0.093832 0.981608 0.166259 0.000000 0.017172 -0.165376 0.986081 0.000000 0.000000 0.000000 0.000000 1.000000
0.995810 0.091449 0.000427 8.556759 -0.090351 0.983108 0.159170 -0.000000 0.014136 -0.158542 0.987251 0.000000 0.000000 0.000000 0.000000 1.000000
0.996241 0.086602 0.002267 8.556755 -0.085957 0.984877 0.150427 0.000000 0.010794 -0.150056 0.988619 0.000000 0.000000 0.000000 0.000000 1.000000
0.996690 0.081209 0.003870 8.556751 -0.080945 0.986738 0.140700 -0.000001 0.007608 -0.140547 0.990045 0.000000 0.000000 0.000000 0.000000 1.000000
0.997124 0.075625 0.005025 8.556755 -0.075633 0.988543 0.130622 0.000000 0.004910 -0.130627 0.991419 0.000000 0.000000 0.000000 0.000000 1.000000
0.997518 0.070178 0.005646 8.556755 -0.070346 0.990184 0.120780 0.000001 0.002885 -0.120878 0.992663 0.000000 0.000000 0.000000 0.000000 1.000000
0.997858 0.065169 0.005758 8.556759 -0.065404 0.991587 0.111707 0.000000 0.001571 -0.111845 0.993725 0.000000 0.000000 0.000000 0.000000 1.000000
0.998131 0.060870 0.005485 8.556759 -0.061110 0.992710 0.103888 0.000000 0.000878 -0.104029 0.994574 -0.000000 0.000000 0.000000 0.000000 1.000000
0.998331 0.057520 0.005025 8.556755 -0.057735 0.993533 0.097768 -0.000002 0.000631 -0.097895 0.995196 0.000000 0.000000 0.000000 0.000000 1.000000
0.998457 0.055344 0.004603 8.556759 -0.055531 0.994044 0.093775 -0.000002 0.000614 -0.093886 0.995583 0.000000 0.000000 0.000000 0.000000 1.000000
0.998501 0.054565 0.004428 8.556759 -0.054740 0.994221 0.092342 -0.000000 0.000636 -0.092446 0.995717 -0.000000 0.000000 0.000000 0.000000 1.000000</float_array><technique_common><accessor source="#Spine2-Matrix-animation-output-transform-array" count="16" stride="16"><param type="float4x4"/></accessor></technique_common></source><source id="Spine2-Interpolations"><Name_array id="Spine2-Interpolations-array" count="16">
 LINEAR LINEAR LINEAR LINEAR LINEAR LINEAR LINEAR LINEAR LINEAR LINEAR LINEAR
LINEAR LINEAR LINEAR LINEAR LINEAR</Name_array><technique_common><accessor source="#Spine2-Interpolations-array" count="16"><param type="name"/></accessor></technique_common></source><sampler id="Spine2-Matrix-animation-transform"><input semantic="INPUT" source="#Spine2-Matrix-animation-input"/><input semantic="OUTPUT" source="#Spine2-Matrix-animation-output-transform"/><input semantic="INTERPOLATION" source="#Spine2-Interpolations"/></sampler><channel source="#Spine2-Matrix-animation-transform" target="Spine2/matrix"/></animation></animation>
    <animation id="Spine3-anim" name="Spine3"><animation><source id="Spine3-Matrix-animation-input"><float_array id="Spine3-Matrix-animation-input-array" count="16">

0.000000 0.033333 0.066667 0.100000 0.133333 0.166667 0.200000 0.233333 0.266667 0.300000 0.333333 0.366667 0.400000 0.433333 0.466667 0.500000</float_array><technique_common><accessor source="#Spine3-Matrix-animation-input-array" count="16"><param name="TIME" type="float"/></accessor></technique_common></source><source id="Spine3-Matrix-animation-output-transform"><float_array id="Spine3-Matrix-animation-output-transform-array" count="256">

0.994284 -0.106101 -0.011924 8.556755 0.106728 0.984591 0.138527 0.000000 -0.002958 -0.139008 0.990287 0.000000 0.000000 0.000000 0.000000 1.000000
0.989515 -0.143075 -0.019731 8.556759 0.144356 0.975407 0.166564 0.000001 -0.004585 -0.167666 0.985833 0.000000 0.000000 0.000000 0.000000 1.000000
0.976853 -0.208206 -0.049084 8.556755 0.213909 0.952177 0.218177 -0.000001 0.001311 -0.223626 0.974674 0.000000 0.000000 0.000000 0.000000 1.000000
0.967899 -0.240450 -0.073183 8.556755 0.251151 0.936569 0.244465 0.000003 0.009759 -0.254997 0.966892 0.000000 0.000000 0.000000 0.000000 1.000000
0.968634 -0.238090 -0.071146 8.556755 0.248331 0.937823 0.242531 -0.000001 0.008979 -0.252591 0.967532 -0.000000 0.000000 0.000000 0.000000 1.000000
0.970617 -0.231487 -0.065694 8.556755 0.240528 0.941232 0.237125 0.000001 0.006942 -0.245959 0.969255 0.000000 0.000000 0.000000 0.000000 1.000000
0.973482 -0.221303 -0.057952 8.556755 0.228727 0.946218 0.228812 -0.000001 0.004198 -0.236000 0.971744 -0.000000 0.000000 0.000000 0.000000 1.000000
0.976853 -0.208206 -0.049084 8.556751 0.213909 0.952177 0.218177 -0.000001 0.001311 -0.223626 0.974674 0.000000 0.000000 0.000000 0.000000 1.000000
0.980389 -0.192938 -0.040139 8.556763 0.197065 0.958531 0.205871 0.000000 -0.001246 -0.209744 0.977755 0.000000 0.000000 0.000000 0.000000 1.000000
0.983809 -0.176347 -0.031945 8.556755 0.179189 0.964772 0.192629 0.000000 -0.003150 -0.195235 0.980751 0.000000 0.000000 0.000000 0.000000 1.000000
0.986899 -0.159382 -0.025055 8.556755 0.161283 0.970493 0.179251 0.000001 -0.004254 -0.180944 0.983484 0.000000 0.000000 0.000000 0.000000 1.000000
0.989515 -0.143075 -0.019731 8.556759 0.144356 0.975407 0.166564 0.000001 -0.004585 -0.167666 0.985833 0.000000 0.000000 0.000000 0.000000 1.000000
0.991580 -0.128502 -0.015976 8.556751 0.129419 0.979340 0.155386 0.000001 -0.004322 -0.156145 0.987725 0.000000 0.000000 0.000000 0.000000 1.000000
0.993067 -0.116761 -0.013599 8.556759 0.117491 0.982209 0.146498 -0.000001 -0.003748 -0.147080 0.989117 -0.000000 0.000000 0.000000 0.000000 1.000000
0.993972 -0.108939 -0.012326 8.556755 0.109588 0.983977 0.140640 0.000000 -0.003192 -0.141143 0.989984 0.000000 0.000000 0.000000 0.000000 1.000000
