<?xml version="1.0" encoding="utf-8"?>
<COLLADA xmlns="http://www.collada.org/2005/11/COLLADASchema" version="1.4.1">
  <asset><contributor><author></author><authoring_tool>FBX COLLADA exporter</authoring_tool><comments></comments></contributor><created>2015-05-01T22:32:51Z</created><keywords></keywords><modified>2015-05-01T22:32:51Z</modified><revision></revision><subject></subject><title></title><unit meter="1.000000" name="centimeter"></unit><up_axis>Y_UP</up_axis></asset>
  <library_animations>
    <animation id="DroidControl-anim" name="DroidControl"><animation><source id="DroidControl-Matrix-animation-input"><float_array id="DroidControl-Matrix-animation-input-array" count="0">
</float_array><technique_common><accessor source="#DroidControl-Matrix-animation-input-array" count="0"><param name="TIME" type="float"/></accessor></technique_common></source><source id="DroidControl-Matrix-animation-output-transform"><float_array id="DroidControl-Matrix-animation-output-transform-array" count="0">
</float_array><technique_common><accessor source="#DroidControl-Matrix-animation-output-transform-array" count="0" stride="16"><param type="float4x4"/></accessor></technique_common></source><source id="DroidControl-Interpolations"><Name_array id="DroidControl-Interpolations-array" count="0">
</Name_array><technique_common><accessor source="#DroidControl-Interpolations-array" count="0"><param type="name"/></accessor></technique_common></source><sampler id="DroidControl-Matrix-animation-transform"><input semantic="INPUT" source="#DroidControl-Matrix-animation-input"/><input semantic="OUTPUT" source="#DroidControl-Matrix-animation-output-transform"/><input semantic="INTERPOLATION" source="#DroidControl-Interpolations"/></sampler><channel source="#DroidControl-Matrix-animation-transform" target="DroidControl/matrix"/></animation></animation>
    <animation id="Pelvis-anim" name="Pelvis"><animation><source id="Pelvis-Matrix-animation-input"><float_array id="Pelvis-Matrix-animation-input-array" count="51">

0.000000 0.033333 0.066667 0.100000 0.133333 0.166667 0.200000 0.233333 0.266667 0.300000 0.333333 0.366667 0.400000 0.433333 0.466667 0.500000
0.533333 0.566667 0.600000 0.633333 0.666667 0.700000 0.733333 0.766667 0.800000 0.833333 0.866667 0.900000 0.933333 0.966667 1.000000 1.033333
1.066667 1.100000 1.133333 1.166667 1.200000 1.233333 1.266667 1.300000 1.333333 1.366667 1.400000 1.433333 1.466667 1.500000 1.533333 1.566667
1.600000 1.633333 1.666667</float_array><technique_common><accessor source="#Pelvis-Matrix-animation-input-array" count="51"><param name="TIME" type="float"/></accessor></technique_common></source><source id="Pelvis-Matrix-animation-output-transform"><float_array id="Pelvis-Matrix-animation-output-transform-array" count="816">

0.000000 -0.000000 1.000000 -0.000000 1.000000 0.000000 -0.000000 62.938950 0.000000 1.000000 0.000000 2.702183 0.000000 0.000000 0.000000 1.000000
0.000000 -0.000000 1.000000 -0.000000 0.999993 0.003750 0.000000 62.713947 -0.003750 0.999993 0.000000 3.053688 0.000000 0.000000 0.000000 1.000000
0.000000 -0.000000 1.000000 -0.000000 0.999907 0.013635 0.000000 62.102814 -0.013635 0.999907 0.000000 3.980385 0.000000 0.000000 0.000000 1.000000
0.000000 -0.000000 1.000000 -0.000000 0.999619 0.027608 0.000000 61.201340 -0.027608 0.999619 0.000000 5.290543 0.000000 0.000000 0.000000 1.000000
0.000000 -0.000000 1.000000 -0.000000 0.999048 0.043620 0.000000 60.105328 -0.043620 0.999048 0.000000 6.792431 0.000000 0.000000 0.000000 1.000000
0.000000 -0.000000 1.000000 -0.000000 0.998221 0.059620 0.000000 58.910580 -0.059620 0.998221 0.000000 8.294319 0.000000 0.000000 0.000000 1.000000
0.000000 -0.000000 1.000000 -0.000000 0.997290 0.073565 0.000000 57.712887 -0.073565 0.997290 0.000000 9.604476 0.000000 0.000000 0.000000 1.000000
0.000000 -0.000000 1.000000 -0.000000 0.996514 0.083420 0.000000 56.608051 -0.083420 0.996514 0.000000 10.531174 0.000000 0.000000 0.000000 1.000000
0.000000 -0.000000 1.000000 -0.000000 0.996195 0.087156 0.000000 55.691872 -0.087156 0.996195 0.000000 10.882679 0.000000 0.000000 0.000000 1.000000
0.000000 -0.000000 1.000000 -0.000000 0.996195 0.087156 0.000000 55.168343 -0.087156 0.996195 0.000000 9.105341 0.000000 0.000000 0.000000 1.000000
0.000000 -0.000000 1.000000 -0.000000 0.996195 0.087156 0.000000 55.039768 -0.087156 0.996195 0.000000 7.328003 0.000000 0.000000 0.000000 1.000000
0.000000 -0.000000 1.000000 -0.000000 0.996195 0.087156 0.000000 55.058025 -0.087156 0.996195 0.000000 7.334963 0.000000 0.000000 0.000000 1.000000
0.000000 -0.000000 1.000000 -0.000000 0.996195 0.087156 0.000000 55.107586 -0.087156 0.996195 0.000000 7.353854 0.000000 0.000000 0.000000 1.000000
0.000000 -0.000000 1.000000 -0.000000 0.996195 0.087156 0.000000 55.180622 -0.087156 0.996195 0.000000 7.381694 0.000000 0.000000 0.000000 1.000000
0.000000 -0.000000 1.000000 -0.000000 0.996195 0.087156 0.000000 55.269310 -0.087156 0.996195 0.000000 7.415499 0.000000 0.000000 0.000000 1.000000
0.000000 -0.000000 1.000000 -0.000000 0.996195 0.087156 0.000000 55.365822 -0.087156 0.996195 0.000000 7.452288 0.000000 0.000000 0.000000 1.000000
0.000000 -0.000000 1.000000 -0.000000 0.996195 0.087156 0.000000 55.462330 -0.087156 0.996195 0.000000 7.489076 0.000000 0.000000 0.000000 1.000000
0.000000 -0.000000 1.000000 -0.000000 0.996195 0.087156 0.000000 55.551018 -0.087156 0.996195 0.000000 7.522882 0.000000 0.000000 0.000000 1.000000
0.000000 -0.000000 1.000000 -0.000000 0.996195 0.087156 0.000000 55.624054 -0.087156 0.996195 0.000000 7.550721 0.000000 0.000000 0.000000 1.000000
0.000000 -0.000000 1.000000 -0.000000 0.996195 0.087156 0.000000 55.673615 -0.087156 0.996195 0.000000 7.569613 0.000000 0.000000 0.000000 1.000000
0.000000 -0.000000 1.000000 -0.000000 0.996195 0.087156 0.000000 55.691872 -0.087156 0.996195 0.000000 7.576572 0.000000 0.000000 0.000000 1.000000
0.000000 -0.000000 1.000000 -0.000000 0.996195 0.087156 0.000000 55.395687 -0.087156 0.996195 0.000000 3.332743 0.000000 0.000000 0.000000 1.000000
0.000000 -0.000000 1.000000 -0.000000 0.996195 0.087156 0.000000 55.039768 -0.087156 0.996195 0.000000 -0.911087 0.000000 0.000000 0.000000 1.000000
0.000000 -0.000000 1.000000 -0.207546 0.996195 0.087156 0.000000 54.920044 -0.087156 0.996195 0.000000 -0.887866 0.000000 0.000000 0.000000 1.000000
0.000000 -0.000000 1.000000 -0.776622 0.996195 0.087156 0.000000 54.801285 -0.087156 0.996195 0.000000 -0.824194 0.000000 0.000000 0.000000 1.000000
0.000000 -0.000000 1.000000 -1.626889 0.996195 0.087156 0.000000 54.685692 -0.087156 0.996195 0.000000 -0.729061 0.000000 0.000000 0.000000 1.000000
0.000000 -0.000000 1.000000 -2.678006 0.996195 0.087156 0.000000 54.575459 -0.087156 0.996195 0.000000 -0.611456 0.000000 0.000000 0.000000 1.000000
0.000000 -0.000000 1.000000 -3.849634 0.996195 0.087156 0.000000 54.472790 -0.087156 0.996195 0.000000 -0.480368 0.000000 0.000000 0.000000 1.000000
0.000000 -0.000000 1.000000 -5.061431 0.996195 0.087156 0.000000 54.379883 -0.087156 0.996195 0.000000 -0.344785 0.000000 0.000000 0.000000 1.000000
0.000000 -0.000000 1.000000 -6.233058 0.996195 0.087156 0.000000 54.298935 -0.087156 0.996195 0.000000 -0.213697 0.000000 0.000000 0.000000 1.000000
0.000000 -0.000000 1.000000 -7.284175 0.996195 0.087156 0.000000 54.232147 -0.087156 0.996195 0.000000 -0.096092 0.000000 0.000000 0.000000 1.000000
0.000000 -0.000000 1.000000 -8.134442 0.996195 0.087156 0.000000 54.181717 -0.087156 0.996195 0.000000 -0.000959 0.000000 0.000000 0.000000 1.000000
0.000000 -0.000000 1.000000 -8.703518 0.996195 0.087156 0.000000 54.149849 -0.087156 0.996195 0.000000 0.062712 0.000000 0.000000 0.000000 1.000000
0.000000 -0.000000 1.000000 -8.911064 0.996195 0.087156 0.000000 54.138737 -0.087156 0.996195 0.000000 0.085934 0.000000 0.000000 0.000000 1.000000
0.063391 0.049224 0.996774 -4.455532 0.980866 0.181151 -0.071325 56.788887 -0.184077 0.982223 -0.036798 -5.339296 0.000000 0.000000 0.000000 1.000000
0.184668 0.107507 0.976903 -0.000000 0.953964 0.219410 -0.204477 59.697872 -0.236326 0.969691 -0.062040 -10.764526 0.000000 0.000000 0.000000 1.000000
0.180408 0.105842 0.977881 -0.000000 0.955121 0.218621 -0.199871 60.190105 -0.234939 0.970053 -0.061651 -10.592951 0.000000 0.000000 0.000000 1.000000
0.168606 0.101163 0.980479 -0.000000 0.958299 0.216019 -0.187080 60.633003 -0.230727 0.971134 -0.060523 -10.110144 0.000000 0.000000 0.000000 1.000000
0.150935 0.093984 0.984066 -0.000000 0.962985 0.210919 -0.167846 61.028851 -0.223333 0.972975 -0.058670 -9.363989 0.000000 0.000000 0.000000 1.000000
0.129266 0.084876 0.987971 -0.000000 0.968620 0.202488 -0.144129 61.379925 -0.212285 0.975600 -0.056038 -8.402366 0.000000 0.000000 0.000000 1.000000
0.105555 0.074471 0.991621 -0.000000 0.974652 0.190064 -0.118023 61.688507 -0.197260 0.978943 -0.052522 -7.273157 0.000000 0.000000 0.000000 1.000000
0.081719 0.063423 0.994635 -0.000000 0.980582 0.173389 -0.091621 61.956875 -0.178269 0.982809 -0.048022 -6.024244 0.000000 0.000000 0.000000 1.000000
0.059478 0.052334 0.996857 -0.000000 0.986003 0.152742 -0.066849 62.187317 -0.155760 0.986879 -0.042517 -4.703510 0.000000 0.000000 0.000000 1.000000
0.040197 0.041697 0.998321 -0.000000 0.990617 0.128951 -0.045272 62.382103 -0.130622 0.990774 -0.036122 -3.358833 0.000000 0.000000 0.000000 1.000000
0.024760 0.031860 0.999186 -0.000000 0.994257 0.103307 -0.027932 62.543522 -0.104113 0.994139 -0.029119 -2.038099 0.000000 0.000000 0.000000 1.000000
0.013500 0.023046 0.999643 -0.000000 0.996883 0.077403 -0.015247 62.673847 -0.077727 0.996733 -0.021929 -0.789186 0.000000 0.000000 0.000000 1.000000
0.006200 0.015403 0.999862 -0.000000 0.998573 0.052944 -0.007007 62.775364 -0.053044 0.998479 -0.015053 0.340022 0.000000 0.000000 0.000000 1.000000
0.002183 0.009070 0.999956 -0.000000 0.999498 0.031578 -0.002469 62.850353 -0.031599 0.999460 -0.008996 1.301646 0.000000 0.000000 0.000000 1.000000
0.000477 0.004225 0.999991 -0.000000 0.999890 0.014792 -0.000540 62.901093 -0.014794 0.999882 -0.004218 2.047801 0.000000 0.000000 0.000000 1.000000
0.000033 0.001107 0.999999 -0.000000 0.999992 0.003881 -0.000037 62.929867 -0.003881 0.999992 -0.001107 2.530606 0.000000 0.000000 0.000000 1.000000
0.000000 -0.000000 1.000000 -0.000000 1.000000 -0.000000 -0.000000 62.938950 0.000000 1.000000 0.000000 2.702183 0.000000 0.000000 0.000000 1.000000</float_array><technique_common><accessor source="#Pelvis-Matrix-animation-output-transform-array" count="51" stride="16"><param type="float4x4"/></accessor></technique_common></source><source id="Pelvis-Interpolations"><Name_array id="Pelvis-Interpolations-array" count="51">
 LINEAR LINEAR LINEAR LINEAR LINEAR LINEAR LINEAR LINEAR LINEAR LINEAR LINEAR
LINEAR LINEAR LINEAR LINEAR LINEAR LINEAR LINEAR LINEAR LINEAR LINEAR LINEAR LINEAR
LINEAR LINEAR LINEAR LINEAR LINEAR LINEAR LINEAR LINEAR LINEAR LINEAR LINEAR LINEAR
LINEAR LINEAR LINEAR LINEAR LINEAR LINEAR LINEAR LINEAR LINEAR LINEAR LINEAR LINEAR
LINEAR LINEAR LINEAR LINEAR</Name_array><technique_common><accessor source="#Pelvis-Interpolations-array" count="51"><param type="name"/></accessor></technique_common></source><sampler id="Pelvis-Matrix-animation-transform"><input semantic="INPUT" source="#Pelvis-Matrix-animation-input"/><input semantic="OUTPUT" source="#Pelvis-Matrix-animation-output-transform"/><input semantic="INTERPOLATION" source="#Pelvis-Interpolations"/></sampler><channel source="#Pelvis-Matrix-animation-transform" target="Pelvis/matrix"/></animation></animation>
    <animation id="LLeg1-anim" name="LLeg1"><animation><source id="LLeg1-Matrix-animation-input"><float_array id="LLeg1-Matrix-animation-input-array" count="51">

0.000000 0.033333 0.066667 0.100000 0.133333 0.166667 0.200000 0.233333 0.266667 0.300000 0.333333 0.366667 0.400000 0.433333 0.466667 0.500000
0.533333 0.566667 0.600000 0.633333 0.666667 0.700000 0.733333 0.766667 0.800000 0.833333 0.866667 0.900000 0.933333 0.966667 1.000000 1.033333
1.066667 1.100000 1.133333 1.166667 1.200000 1.233333 1.266667 1.300000 1.333333 1.366667 1.400000 1.433333 1.466667 1.500000 1.533333 1.566667
1.600000 1.633333 1.666667</float_array><technique_common><accessor source="#LLeg1-Matrix-animation-input-array" count="51"><param name="TIME" type="float"/></accessor></technique_common></source><source id="LLeg1-Matrix-animation-output-transform"><float_array id="LLeg1-Matrix-animation-output-transform-array" count="816">

-0.907954 0.402057 -0.118192 0.000000 0.354163 0.886948 0.296466 -0.000000 0.224026 0.227318 -0.947701 7.451146 0.000000 0.000000 0.000000 1.000000
-0.909464 0.397668 -0.121386 -0.000000 0.349316 0.889134 0.295666 -0.000000 0.225506 0.226496 -0.947547 7.451146 0.000000 0.000000 0.000000 1.000000
-0.913353 0.385907 -0.129854 0.000000 0.336382 0.894860 0.293380 -0.000000 0.229419 0.224279 -0.947135 7.451146 0.000000 0.000000 0.000000 1.000000
-0.918700 0.368579 -0.141914 0.000000 0.317499 0.902923 0.289699 0.000000 0.234915 0.221089 -0.946538 7.451146 0.000000 0.000000 0.000000 1.000000
-0.924512 0.347823 -0.155874 0.000000 0.295110 0.912031 0.284797 0.000000 0.241220 0.217299 -0.945829 7.451146 0.000000 0.000000 0.000000 1.000000
-0.929709 0.326688 -0.170045 0.000000 0.272503 0.920784 0.279105 0.000000 0.247755 0.213149 -0.945084 7.451146 0.000000 0.000000 0.000000 1.000000
-0.933221 0.309336 -0.182782 0.000000 0.253983 0.927769 0.273382 0.000000 0.254147 0.208703 -0.944379 7.451146 0.000000 0.000000 0.000000 1.000000
-0.934021 0.300910 -0.192502 0.000000 0.244756 0.931611 0.268691 0.000000 0.260189 0.203847 -0.943794 7.451146 0.000000 0.000000 0.000000 1.000000
-0.930920 0.307115 -0.197654 0.000000 0.250527 0.930769 0.266281 -0.000000 0.265749 0.198369 -0.943412 7.451146 0.000000 0.000000 0.000000 1.000000
-0.912921 0.360182 -0.191946 0.000000 0.303663 0.913662 0.270205 0.000000 0.272696 0.188389 -0.943475 7.451146 0.000000 0.000000 0.000000 1.000000
-0.895923 0.403987 -0.184709 0.000000 0.347677 0.896540 0.274476 -0.000001 0.276483 0.181691 -0.943687 7.451146 0.000000 0.000000 0.000000 1.000000
-0.896154 0.403483 -0.184688 0.000000 0.347177 0.896734 0.274474 0.000000 0.276361 0.181852 -0.943691 7.451146 0.000000 0.000000 0.000000 1.000000
-0.896781 0.402113 -0.184630 0.000000 0.345820 0.897260 0.274469 0.000000 0.276029 0.182291 -0.943704 7.451146 0.000000 0.000000 0.000000 1.000000
-0.897702 0.400091 -0.184545 0.000000 0.343816 0.898032 0.274462 0.000000 0.275537 0.182936 -0.943723 7.451146 0.000000 0.000000 0.000000 1.000000
-0.898817 0.397629 -0.184442 0.000000 0.341375 0.898965 0.274453 -0.000000 0.274938 0.183720 -0.943745 7.451146 0.000000 0.000000 0.000000 1.000000
-0.900024 0.394941 -0.184330 0.000000 0.338712 0.899975 0.274444 -0.000001 0.274281 0.184572 -0.943770 7.451146 0.000000 0.000000 0.000000 1.000000
-0.901226 0.392245 -0.184217 0.000000 0.336040 0.900979 0.274435 -0.000001 0.273621 0.185423 -0.943795 7.451146 0.000000 0.000000 0.000000 1.000000
-0.902325 0.389758 -0.184114 0.000000 0.333578 0.901896 0.274426 -0.000000 0.273012 0.186206 -0.943817 7.451146 0.000000 0.000000 0.000000 1.000000
-0.903226 0.387706 -0.184029 0.000000 0.331545 0.902647 0.274419 -0.000001 0.272507 0.186849 -0.943836 7.451146 0.000000 0.000000 0.000000 1.000000
-0.903836 0.386309 -0.183972 0.000000 0.330162 0.903156 0.274415 0.000000 0.272164 0.187286 -0.943848 7.451146 0.000000 0.000000 0.000000 1.000000
-0.904060 0.385794 -0.183951 -0.000000 0.329652 0.903342 0.274413 -0.000001 0.272037 0.187447 -0.943853 7.451146 0.000000 0.000000 0.000000 1.000000
-0.859211 0.484114 -0.165499 0.000000 0.428572 0.857717 0.283985 0.000000 0.279432 0.173075 -0.944437 7.451146 0.000000 0.000000 0.000000 1.000000
-0.806200 0.573515 -0.145332 -0.000000 0.518721 0.803319 0.292587 -0.000001 0.284550 0.160497 -0.945130 7.451146 0.000000 0.000000 0.000000 1.000000
-0.803938 0.575706 -0.149154 0.000000 0.520550 0.802477 0.291649 -0.000001 0.287596 0.156825 -0.944825 7.451146 0.000000 0.000000 0.000000 1.000000
-0.800638 0.577619 -0.159173 0.000000 0.521627 0.802697 0.289108 -0.000000 0.294762 0.148442 -0.943970 7.451146 0.000000 0.000000 0.000000 1.000000
-0.796602 0.578925 -0.173983 -0.000000 0.521902 0.803880 0.285299 -0.000000 0.305029 0.136468 -0.942514 7.451146 0.000000 0.000000 0.000000 1.000000
-0.792144 0.579294 -0.192164 0.000000 0.521312 0.805927 0.280562 -0.000000 0.317398 0.122068 -0.940402 7.451146 0.000000 0.000000 0.000000 1.000000
-0.787566 0.578517 -0.212269 0.000000 0.519851 0.808697 0.275253 -0.000000 0.330900 0.106432 -0.937644 7.451146 0.000000 0.000000 0.000000 1.000000
-0.783149 0.576584 -0.232872 0.000000 0.517608 0.811987 0.269739 -0.000000 0.344616 0.090709 -0.934350 7.451146 0.000000 0.000000 0.000000 1.000000
-0.779135 0.573715 -0.252585 -0.000000 0.514796 0.815525 0.264394 -0.000001 0.357676 0.075969 -0.930750 7.451146 0.000000 0.000000 0.000000 1.000000
-0.775733 0.570349 -0.270075 0.000000 0.511759 0.818971 0.259597 -0.000000 0.369244 0.063165 -0.927183 7.451146 0.000000 0.000000 0.000000 1.000000
-0.773111 0.567097 -0.284077 -0.000000 0.508948 0.821937 0.255719 -0.000000 0.378510 0.053119 -0.924071 7.451146 0.000000 0.000000 0.000000 1.000000
-0.771425 0.564659 -0.293368 -0.000000 0.506887 0.824010 0.253127 -0.000000 0.384668 0.046564 -0.921879 7.451146 0.000000 0.000000 0.000000 1.000000
-0.770825 0.563716 -0.296738 -0.000000 0.506097 0.824785 0.252183 -0.000000 0.386904 0.044210 -0.921059 7.451146 0.000000 0.000000 0.000000 1.000000
-0.773213 0.566105 -0.285773 0.000004 0.507468 0.822608 0.256501 -0.000001 0.380286 0.053309 -0.923331 7.451145 0.000000 0.000000 0.000000 1.000000
-0.745500 0.586337 -0.316920 -0.000004 0.528551 0.809756 0.254810 -0.000001 0.406033 0.022453 -0.913582 7.451146 0.000000 0.000000 0.000000 1.000000
-0.757251 0.573385 -0.312731 0.000004 0.514453 0.818645 0.255264 0.000000 0.402380 0.032414 -0.914898 7.451145 0.000000 0.000000 0.000000 1.000000
-0.773798 0.556765 -0.302076 0.000000 0.496397 0.829237 0.256819 0.000001 0.393480 0.048777 -0.918038 7.451146 0.000000 0.000000 0.000000 1.000000
-0.793290 0.537444 -0.286084 0.000000 0.475789 0.840411 0.259487 -0.000002 0.379888 0.069733 -0.922400 7.451147 0.000000 0.000000 0.000000 1.000000
-0.813841 0.516603 -0.266051 -0.000000 0.454218 0.851119 0.263217 -0.000002 0.362420 0.093372 -0.927326 7.451145 0.000000 0.000000 0.000000 1.000000
-0.833789 0.495510 -0.243444 0.000004 0.433229 0.860572 0.267822 -0.000001 0.342210 0.117840 -0.932204 7.451145 0.000000 0.000000 0.000000 1.000000
-0.851877 0.475370 -0.219840 -0.000004 0.414109 0.868333 0.272969 -0.000000 0.320656 0.141498 -0.936567 7.451146 0.000000 0.000000 0.000000 1.000000
-0.867327 0.457185 -0.196789 0.000000 0.397732 0.874299 0.278228 -0.000000 0.299254 0.163045 -0.940139 7.451145 0.000000 0.000000 0.000000 1.000000
-0.879824 0.441639 -0.175685 0.000000 0.384494 0.878625 0.283166 0.000000 0.279418 0.181586 -0.942842 7.451146 0.000000 0.000000 0.000000 1.000000
-0.889430 0.429045 -0.157589 0.000000 0.374348 0.881616 0.287432 -0.000000 0.262254 0.196658 -0.944747 7.451146 0.000000 0.000000 0.000000 1.000000
-0.896462 0.419366 -0.143137 -0.000004 0.366925 0.883623 0.290821 -0.000000 0.248439 0.208189 -0.946010 7.451147 0.000000 0.000000 0.000000 1.000000
-0.901361 0.412312 -0.132470 0.000000 0.361706 0.884960 0.293284 -0.000001 0.238155 0.216440 -0.946803 7.451147 0.000000 0.000000 0.000000 1.000000
-0.904591 0.407445 -0.125311 -0.000000 0.358157 0.885864 0.294905 -0.000000 0.231166 0.221887 -0.947274 7.451145 0.000000 0.000000 0.000000 1.000000
-0.906573 0.404330 -0.121007 0.000000 0.355873 0.886467 0.295857 -0.000000 0.226893 0.225153 -0.947536 7.451145 0.000000 0.000000 0.000000 1.000000
-0.907623 0.402606 -0.118868 0.000004 0.354575 0.886832 0.296320 -0.000001 0.224716 0.226800 -0.947662 7.451146 0.000000 0.000000 0.000000 1.000000
-0.907954 0.402057 -0.118192 0.000000 0.354163 0.886948 0.296466 -0.000000 0.224026 0.227318 -0.947701 7.451146 0.000000 0.000000 0.000000 1.000000</float_array><technique_common><accessor source="#LLeg1-Matrix-animation-output-transform-array" count="51" stride="16"><param type="float4x4"/></accessor></technique_common></source><source id="LLeg1-Interpolations"><Name_array id="LLeg1-Interpolations-array" count="51">
 LINEAR LINEAR LINEAR LINEAR LINEAR LINEAR LINEAR LINEAR LINEAR LINEAR LINEAR
LINEAR LINEAR LINEAR LINEAR LINEAR LINEAR LINEAR LINEAR LINEAR LINEAR LINEAR LINEAR
LINEAR LINEAR LINEAR LINEAR LINEAR LINEAR LINEAR LINEAR LINEAR LINEAR LINEAR LINEAR
LINEAR LINEAR LINEAR LINEAR LINEAR LINEAR LINEAR LINEAR LINEAR LINEAR LINEAR LINEAR
LINEAR LINEAR LINEAR LINEAR</Name_array><technique_common><accessor source="#LLeg1-Interpolations-array" count="51"><param type="name"/></accessor></technique_common></source><sampler id="LLeg1-Matrix-animation-transform"><input semantic="INPUT" source="#LLeg1-Matrix-animation-input"/><input semantic="OUTPUT" source="#LLeg1-Matrix-animation-output-transform"/><input semantic="INTERPOLATION" source="#LLeg1-Interpolations"/></sampler><channel source="#LLeg1-Matrix-animation-transform" target="LLeg1/matrix"/></animation></animation>
    <animation id="LLeg2-anim" name="LLeg2"><animation><source id="LLeg2-Matrix-animation-input"><float_array id="LLeg2-Matrix-animation-input-array" count="51">

0.000000 0.033333 0.066667 0.100000 0.133333 0.166667 0.200000 0.233333 0.266667 0.300000 0.333333 0.366667 0.400000 0.433333 0.466667 0.500000
0.533333 0.566667 0.600000 0.633333 0.666667 0.700000 0.733333 0.766667 0.800000 0.833333 0.866667 0.900000 0.933333 0.966667 1.000000 1.033333
1.066667 1.100000 1.133333 1.166667 1.200000 1.233333 1.266667 1.300000 1.333333 1.366667 1.400000 1.433333 1.466667 1.500000 1.533333 1.566667
1.600000 1.633333 1.666667</float_array><technique_common><accessor source="#LLeg2-Matrix-animation-input-array" count="51"><param name="TIME" type="float"/></accessor></technique_common></source><source id="LLeg2-Matrix-animation-output-transform"><float_array id="LLeg2-Matrix-animation-output-transform-array" count="816">

0.500440 0.865243 -0.030267 30.975620 -0.865540 0.500808 0.005605 -0.000038 0.020008 0.023393 0.999526 0.000007 0.000000 0.000000 0.000000 1.000000
0.493534 0.869195 -0.030405 30.975613 -0.869494 0.493909 0.005845 -0.000038 0.020098 0.023552 0.999521 0.000005 0.000000 0.000000 0.000000 1.000000
0.475165 0.879359 -0.030761 30.975615 -0.879662 0.475556 0.006488 -0.000038 0.020334 0.023976 0.999506 0.000007 0.000000 0.000000 0.000000 1.000000
0.449034 0.892969 -0.031237 30.975613 -0.893276 0.449448 0.007402 -0.000038 0.020649 0.024580 0.999485 0.000007 0.000000 0.000000 0.000000 1.000000
0.418625 0.907605 -0.031749 30.975616 -0.907917 0.419065 0.008464 -0.000034 0.020987 0.025282 0.999460 0.000010 0.000000 0.000000 0.000000 1.000000
0.386467 0.921740 -0.032244 30.975618 -0.922057 0.386936 0.009588 -0.000034 0.021314 0.026025 0.999434 0.000010 0.000000 0.000000 0.000000 1.000000
0.353646 0.934810 -0.032655 30.975616 -0.935132 0.354140 0.010612 -0.000042 0.021485 0.026784 0.999410 0.000006 0.000000 0.000000 0.000000 1.000000
0.321396 0.946366 -0.033105 30.975618 -0.946692 0.321922 0.011863 -0.000034 0.021884 0.027528 0.999381 0.000007 0.000000 0.000000 0.000000 1.000000
0.288557 0.956878 -0.033473 30.975613 -0.957207 0.289111 0.013010 -0.000034 0.022126 0.028286 0.999355 0.000010 0.000000 0.000000 0.000000 1.000000
0.238179 0.970628 -0.033954 30.975609 -0.970962 0.238777 0.014771 -0.000031 0.022445 0.029450 0.999314 0.000008 0.000000 0.000000 0.000000 1.000000
0.207032 0.977737 -0.034207 30.975613 -0.978073 0.207658 0.015863 -0.000038 0.022613 0.030173 0.999289 0.000010 0.000000 0.000000 0.000000 1.000000
0.207548 0.977627 -0.034199 30.975607 -0.977963 0.208174 0.015842 -0.000038 0.022607 0.030158 0.999289 0.000004 0.000000 0.000000 0.000000 1.000000
0.209865 0.977133 -0.034182 30.975616 -0.977469 0.210488 0.015761 -0.000038 0.022595 0.030104 0.999291 0.000005 0.000000 0.000000 0.000000 1.000000
0.213285 0.976393 -0.034156 30.975616 -0.976729 0.213905 0.015641 -0.000034 0.022578 0.030025 0.999294 0.000010 0.000000 0.000000 0.000000 1.000000
0.217443 0.975477 -0.034124 30.975615 -0.975812 0.218060 0.015496 -0.000034 0.022557 0.029929 0.999298 0.000010 0.000000 0.000000 0.000000 1.000000
0.221976 0.974457 -0.034088 30.975616 -0.974792 0.222589 0.015337 -0.000038 0.022533 0.029824 0.999301 0.000008 0.000000 0.000000 0.000000 1.000000
0.226516 0.973413 -0.034051 30.975616 -0.973747 0.227125 0.015179 -0.000038 0.022509 0.029719 0.999305 0.000006 0.000000 0.000000 0.000000 1.000000
0.230697 0.972431 -0.034017 30.975609 -0.972765 0.231302 0.015032 -0.000038 0.022486 0.029623 0.999308 0.000006 0.000000 0.000000 0.000000 1.000000
0.234144 0.971608 -0.033988 30.975620 -0.971942 0.234746 0.014912 -0.000038 0.022467 0.029543 0.999311 0.000007 0.000000 0.000000 0.000000 1.000000
0.236486 0.971041 -0.033968 30.975613 -0.971375 0.237087 0.014830 -0.000034 0.022454 0.029489 0.999313 0.000007 0.000000 0.000000 0.000000 1.000000
0.237348 0.970831 -0.033961 30.975615 -0.971165 0.237948 0.014800 -0.000031 0.022449 0.029469 0.999314 0.000008 0.000000 0.000000 0.000000 1.000000
0.171442 0.984593 -0.034443 30.975615 -0.984931 0.172100 0.017103 -0.000042 0.022767 0.030991 0.999260 0.000011 0.000000 0.000000 0.000000 1.000000
0.116836 0.992544 -0.034720 30.975615 -0.992886 0.117542 0.019011 -0.000042 0.022950 0.032252 0.999216 0.000006 0.000000 0.000000 0.000000 1.000000
0.112487 0.993046 -0.034737 30.975615 -0.993388 0.113196 0.019162 -0.000034 0.022961 0.032352 0.999213 0.000005 0.000000 0.000000 0.000000 1.000000
0.109746 0.993352 -0.034750 30.975609 -0.993694 0.110458 0.019262 -0.000038 0.022972 0.032417 0.999211 0.000006 0.000000 0.000000 0.000000 1.000000
0.107820 0.993563 -0.034756 30.975611 -0.993905 0.108534 0.019326 -0.000034 0.022973 0.032460 0.999209 0.000007 0.000000 0.000000 0.000000 1.000000
0.107987 0.993545 -0.034756 30.975609 -0.993886 0.108701 0.019323 -0.000038 0.022976 0.032457 0.999209 0.000007 0.000000 0.000000 0.000000 1.000000
0.110015 0.993323 -0.034748 30.975618 -0.993664 0.110726 0.019251 -0.000034 0.022970 0.032410 0.999211 0.000010 0.000000 0.000000 0.000000 1.000000
0.113776 0.992900 -0.034733 30.975616 -0.993241 0.114484 0.019119 -0.000038 0.022960 0.032323 0.999214 0.000006 0.000000 0.000000 0.000000 1.000000
0.118856 0.992305 -0.034712 30.975613 -0.992646 0.119560 0.018942 -0.000034 0.022946 0.032206 0.999218 0.000006 0.000000 0.000000 0.000000 1.000000
0.124556 0.991607 -0.034687 30.975613 -0.991948 0.125255 0.018741 -0.000038 0.022929 0.032074 0.999222 0.000009 0.000000 0.000000 0.000000 1.000000
0.129940 0.990916 -0.034664 30.975609 -0.991257 0.130634 0.018554 -0.000034 0.022914 0.031950 0.999227 0.000006 0.000000 0.000000 0.000000 1.000000
0.133931 0.990385 -0.034645 30.975618 -0.990726 0.134621 0.018415 -0.000042 0.022902 0.031858 0.999230 0.000007 0.000000 0.000000 0.000000 1.000000
0.135953 0.990110 -0.034631 30.975616 -0.990451 0.136640 0.018322 -0.000042 0.022872 0.031810 0.999232 0.000005 0.000000 0.000000 0.000000 1.000000
0.156104 0.987137 -0.034527 30.975616 -0.987476 0.156776 0.017659 -0.000046 0.022845 0.031338 0.999248 0.000008 0.000000 0.000000 0.000000 1.000000
0.210937 0.976903 -0.034173 30.975616 -0.977239 0.211559 0.015723 -0.000046 0.022589 0.030079 0.999292 0.000006 0.000000 0.000000 0.000000 1.000000
0.234065 0.971627 -0.033988 30.975613 -0.971961 0.234668 0.014914 -0.000038 0.022467 0.029544 0.999311 0.000007 0.000000 0.000000 0.000000 1.000000
0.257689 0.965637 -0.033805 30.975616 -0.965970 0.258271 0.014093 -0.000034 0.022340 0.029023 0.999329 0.000009 0.000000 0.000000 0.000000 1.000000
0.283118 0.958499 -0.033530 30.975613 -0.958829 0.283678 0.013206 -0.000038 0.022170 0.028411 0.999351 0.000010 0.000000 0.000000 0.000000 1.000000
0.307792 0.950873 -0.033263 30.975613 -0.951200 0.308330 0.012337 -0.000034 0.021987 0.027842 0.999370 0.000007 0.000000 0.000000 0.000000 1.000000
0.333655 0.942120 -0.032951 30.975618 -0.942444 0.334170 0.011430 -0.000038 0.021779 0.027241 0.999392 0.000008 0.000000 0.000000 0.000000 1.000000
0.358518 0.932953 -0.032637 30.975616 -0.933273 0.359011 0.010567 -0.000042 0.021575 0.026671 0.999411 0.000007 0.000000 0.000000 0.000000 1.000000
0.383310 0.923056 -0.032289 30.975616 -0.923373 0.383781 0.009697 -0.000038 0.021343 0.026098 0.999431 0.000006 0.000000 0.000000 0.000000 1.000000
0.407050 0.912848 -0.031932 30.975613 -0.913162 0.407501 0.008868 -0.000042 0.021107 0.025550 0.999451 0.000005 0.000000 0.000000 0.000000 1.000000
0.428747 0.902873 -0.031581 30.975615 -0.903183 0.429179 0.008108 -0.000040 0.020874 0.025047 0.999468 0.000010 0.000000 0.000000 0.000000 1.000000
0.449191 0.892890 -0.031233 30.975616 -0.893198 0.449604 0.007394 -0.000038 0.020644 0.024576 0.999485 0.000007 0.000000 0.000000 0.000000 1.000000
0.466835 0.883804 -0.030910 30.975618 -0.884109 0.467233 0.006766 -0.000040 0.020422 0.024169 0.999499 0.000006 0.000000 0.000000 0.000000 1.000000
0.480452 0.876485 -0.030663 30.975616 -0.876787 0.480838 0.006306 -0.000038 0.020272 0.023855 0.999510 0.000009 0.000000 0.000000 0.000000 1.000000
0.491434 0.870383 -0.030440 30.975613 -0.870683 0.491810 0.005908 -0.000038 0.020113 0.023601 0.999519 0.000005 0.000000 0.000000 0.000000 1.000000
0.498163 0.866553 -0.030330 30.975615 -0.866851 0.498535 0.005713 -0.000038 0.020072 0.023445 0.999523 0.000002 0.000000 0.000000 0.000000 1.000000
0.500440 0.865243 -0.030267 30.975620 -0.865540 0.500808 0.005605 -0.000038 0.020008 0.023393 0.999526 0.000007 0.000000 0.000000 0.000000 1.000000</float_array><technique_common><accessor source="#LLeg2-Matrix-animation-output-transform-array" count="51" stride="16"><param type="float4x4"/></accessor></technique_common></source><source id="LLeg2-Interpolations"><Name_array id="LLeg2-Interpolations-array" count="51">
 LINEAR LINEAR LINEAR LINEAR LINEAR LINEAR LINEAR LINEAR LINEAR LINEAR LINEAR
LINEAR LINEAR LINEAR LINEAR LINEAR LINEAR LINEAR LINEAR LINEAR LINEAR LINEAR LINEAR
LINEAR LINEAR LINEAR LINEAR LINEAR LINEAR LINEAR LINEAR LINEAR LINEAR LINEAR LINEAR
LINEAR LINEAR LINEAR LINEAR LINEAR LINEAR LINEAR LINEAR LINEAR LINEAR LINEAR LINEAR
LINEAR LINEAR LINEAR LINEAR</Name_array><technique_common><accessor source="#LLeg2-Interpolations-array" count="51"><param type="name"/></accessor></technique_common></source><sampler id="LLeg2-Matrix-animation-transform"><input semantic="INPUT" source="#LLeg2-Matrix-animation-input"/><input semantic="OUTPUT" source="#LLeg2-Matrix-animation-output-transform"/><input semantic="INTERPOLATION" source="#LLeg2-Interpolations"/></sampler><channel source="#LLeg2-Matrix-animation-transform" target="LLeg2/matrix"/></animation></animation>
    <animation id="LLegAnkle-anim" name="LLegAnkle"><animation><source id="LLegAnkle-Matrix-animation-input"><float_array id="LLegAnkle-Matrix-animation-input-array" count="51">

0.000000 0.033333 0.066667 0.100000 0.133333 0.166667 0.200000 0.233333 0.266667 0.300000 0.333333 0.366667 0.400000 0.433333 0.466667 0.500000
0.533333 0.566667 0.600000 0.633333 0.666667 0.700000 0.733333 0.766667 0.800000 0.833333 0.866667 0.900000 0.933333 0.966667 1.000000 1.033333
1.066667 1.100000 1.133333 1.166667 1.200000 1.233333 1.266667 1.300000 1.333333 1.366667 1.400000 1.433333 1.466667 1.500000 1.533333 1.566667
1.600000 1.633333 1.666667</float_array><technique_common><accessor source="#LLegAnkle-Matrix-animation-input-array" count="51"><param name="TIME" type="float"/></accessor></technique_common></source><source id="LLegAnkle-Matrix-animation-output-transform"><float_array id="LLegAnkle-Matrix-animation-output-transform-array" count="816">

-0.518077 -0.848991 0.103980 42.417770 0.801977 -0.524421 -0.286035 0.000002 0.297370 -0.064799 0.952561 -0.000000 0.000000 0.000000 0.000000 1.000000
-0.525158 -0.844501 0.105010 42.417763 0.797375 -0.531414 -0.285993 -0.000001 0.297325 -0.066459 0.952461 -0.000002 0.000000 0.000000 0.000000 1.000000
-0.545558 -0.831082 0.108028 42.417763 0.783473 -0.551525 -0.286339 -0.000003 0.297551 -0.071577 0.952019 -0.000001 0.000000 0.000000 0.000000 1.000000
-0.573699 -0.811364 0.112068 42.417767 0.763179 -0.579201 -0.286504 -0.000001 0.297369 -0.078839 0.951503 0.000001 0.000000 0.000000 0.000000 1.000000
-0.605885 -0.786947 0.116700 42.417767 0.738080 -0.610776 -0.286691 0.000001 0.296888 -0.087568 0.950889 -0.000000 0.000000 0.000000 0.000000 1.000000
-0.637618 -0.760712 0.121497 42.417770 0.711141 -0.641879 -0.286829 0.000000 0.296181 -0.096485 0.950246 -0.000001 0.000000 0.000000 0.000000 1.000000
-0.666049 -0.735148 0.126241 42.417767 0.684914 -0.669792 -0.286830 0.000000 0.295418 -0.104579 0.949627 0.000002 0.000000 0.000000 0.000000 1.000000
-0.690357 -0.711580 0.130621 42.417767 0.660851 -0.693717 -0.286416 -0.000001 0.294422 -0.111408 0.949160 -0.000001 0.000000 0.000000 0.000000 1.000000
-0.706540 -0.694737 0.134694 42.417767 0.643727 -0.710013 -0.285479 0.000001 0.293967 -0.114996 0.948873 0.000000 0.000000 0.000000 0.000000 1.000000
-0.701826 -0.698504 0.139764 42.417770 0.647874 -0.707463 -0.282413 0.000001 0.296144 -0.107655 0.949057 0.000000 0.000000 0.000000 0.000000 1.000000
-0.690462 -0.709141 0.142770 42.417770 0.658891 -0.698000 -0.280462 -0.000000 0.298540 -0.099578 0.949189 0.000001 0.000000 0.000000 0.000000 1.000000
-0.689717 -0.709934 0.142430 42.417770 0.659838 -0.697245 -0.280114 -0.000001 0.298171 -0.099219 0.949342 0.000000 0.000000 0.000000 0.000000 1.000000
-0.689166 -0.710516 0.142187 42.417770 0.660420 -0.696652 -0.280217 0.000001 0.298153 -0.099213 0.949348 0.000002 0.000000 0.000000 0.000000 1.000000
-0.688351 -0.711378 0.141827 42.417770 0.661282 -0.695773 -0.280368 -0.000002 0.298127 -0.099204 0.949357 -0.000000 0.000000 0.000000 0.000000 1.000000
-0.687605 -0.712189 0.141375 42.417763 0.662096 -0.694930 -0.280540 0.000001 0.298044 -0.099297 0.949374 0.000001 0.000000 0.000000 0.000000 1.000000
-0.686268 -0.713570 0.140908 42.417763 0.663474 -0.693528 -0.280754 -0.000001 0.298061 -0.099183 0.949380 0.000002 0.000000 0.000000 0.000000 1.000000
-0.685329 -0.714608 0.140215 42.417770 0.664597 -0.692453 -0.280750 0.000001 0.297719 -0.099220 0.949484 0.000002 0.000000 0.000000 0.000000 1.000000
-0.684160 -0.715773 0.139979 42.417763 0.665677 -0.691257 -0.281140 -0.000002 0.297994 -0.099164 0.949403 0.000001 0.000000 0.000000 0.000000 1.000000
-0.683322 -0.716645 0.139610 42.417770 0.666549 -0.690354 -0.281293 0.000002 0.297968 -0.099157 0.949412 -0.000001 0.000000 0.000000 0.000000 1.000000
-0.682993 -0.717004 0.139382 42.417770 0.666895 -0.689967 -0.281420 -0.000000 0.297948 -0.099254 0.949408 0.000001 0.000000 0.000000 0.000000 1.000000
-0.682541 -0.717456 0.139267 42.417770 0.667359 -0.689512 -0.281435 0.000002 0.297943 -0.099150 0.949421 0.000000 0.000000 0.000000 0.000000 1.000000
-0.649388 -0.746587 0.144583 42.417767 0.698053 -0.660652 -0.276155 -0.000003 0.301692 -0.078406 0.950176 0.000000 0.000000 0.000000 0.000000 1.000000
-0.608516 -0.779554 0.148343 42.417770 0.732955 -0.623789 -0.271415 0.000000 0.304117 -0.056431 0.950962 -0.000000 0.000000 0.000000 0.000000 1.000000
-0.610570 -0.778474 0.145542 42.417767 0.731448 -0.624768 -0.273222 0.000001 0.303626 -0.060365 0.950878 0.000001 0.000000 0.000000 0.000000 1.000000
-0.612946 -0.778032 0.137713 42.417770 0.729516 -0.624211 -0.279586 -0.000000 0.303488 -0.070907 0.950194 -0.000000 0.000000 0.000000 0.000000 1.000000
-0.614876 -0.778667 0.124927 42.417763 0.728596 -0.621520 -0.287857 -0.000001 0.301789 -0.085975 0.949491 0.000001 0.000000 0.000000 0.000000 1.000000
-0.616621 -0.779649 0.109203 42.417767 0.727736 -0.617400 -0.298695 -0.000000 0.300299 -0.104710 0.948081 0.000001 0.000000 0.000000 0.000000 1.000000
-0.618301 -0.780604 0.091443 42.417767 0.727046 -0.612274 -0.310684 -0.000000 0.298509 -0.125613 0.946105 0.000003 0.000000 0.000000 0.000000 1.000000
-0.619525 -0.781586 0.072892 42.417767 0.726785 -0.606207 -0.322951 0.000002 0.296602 -0.147099 0.943605 0.000001 0.000000 0.000000 0.000000 1.000000
-0.620261 -0.782479 0.054809 42.417767 0.726928 -0.599666 -0.334630 -0.000000 0.294708 -0.167716 0.940755 0.000000 0.000000 0.000000 0.000000 1.000000
-0.620564 -0.783212 0.038477 42.417770 0.727372 -0.593264 -0.344918 0.000002 0.292971 -0.186056 0.937844 0.000000 0.000000 0.000000 0.000000 1.000000
-0.620562 -0.783753 0.025198 42.417767 0.727947 -0.587727 -0.353087 0.000000 0.291543 -0.200770 0.935251 0.000000 0.000000 0.000000 0.000000 1.000000
-0.620437 -0.784088 0.016279 42.417763 0.728440 -0.583845 -0.358470 -0.000000 0.290576 -0.210550 0.933400 -0.000001 0.000000 0.000000 0.000000 1.000000
-0.621101 -0.783615 0.013473 42.417763 0.727745 -0.583028 -0.361203 -0.000002 0.290899 -0.214538 0.932390 0.000000 0.000000 0.000000 0.000000 1.000000
-0.520808 -0.848473 0.094093 42.417763 0.783336 -0.518796 -0.342398 -0.000000 0.339330 -0.104617 0.934832 0.000001 0.000000 0.000000 0.000000 1.000000
-0.411159 -0.896146 0.166948 42.417767 0.834214 -0.443736 -0.327393 0.000000 0.367473 0.004660 0.930023 -0.000002 0.000000 0.000000 0.000000 1.000000
-0.406747 -0.898730 0.163836 42.417770 0.836776 -0.438488 -0.327926 -0.000000 0.366557 0.003711 0.930389 -0.000001 0.000000 0.000000 0.000000 1.000000
-0.406839 -0.899385 0.159967 42.417767 0.837970 -0.437157 -0.326652 0.000000 0.363716 0.001153 0.931509 -0.000001 0.000000 0.000000 0.000000 1.000000
-0.411677 -0.897882 0.155980 42.417767 0.836467 -0.440219 -0.326390 0.000004 0.361725 -0.003895 0.932277 0.000002 0.000000 0.000000 0.000000 1.000000
-0.418374 -0.895622 0.151081 42.417767 0.835301 -0.444725 -0.323253 -0.000001 0.356702 -0.009042 0.934175 0.000000 0.000000 0.000000 0.000000 1.000000
-0.428101 -0.891827 0.146205 42.417767 0.832137 -0.452101 -0.321176 0.000000 0.352532 -0.015833 0.935666 0.000002 0.000000 0.000000 0.000000 1.000000
-0.438489 -0.887653 0.140712 42.417767 0.829353 -0.459969 -0.317180 -0.000001 0.346270 -0.022380 0.937868 0.000000 0.000000 0.000000 0.000000 1.000000
-0.450450 -0.882493 0.135287 42.417770 0.825380 -0.469391 -0.313721 -0.000001 0.340358 -0.029652 0.939828 0.000000 0.000000 0.000000 0.000000 1.000000
-0.462221 -0.877226 0.129717 42.417770 0.821525 -0.478679 -0.309780 -0.000000 0.333840 -0.036621 0.941918 -0.000000 0.000000 0.000000 0.000000 1.000000
-0.473629 -0.871943 0.124058 42.417767 0.818017 -0.487720 -0.304924 0.000000 0.326382 -0.042939 0.944262 0.000001 0.000000 0.000000 0.000000 1.000000
-0.485511 -0.866083 0.119080 42.417763 0.813481 -0.497451 -0.301317 -0.000000 0.320202 -0.049423 0.946060 0.000000 0.000000 0.000000 0.000000 1.000000
-0.496256 -0.860596 0.114479 42.417763 0.809420 -0.506315 -0.297465 0.000001 0.313960 -0.054957 0.947845 0.000001 0.000000 0.000000 0.000000 1.000000
-0.504278 -0.856507 0.110001 42.417763 0.807202 -0.512795 -0.292346 0.000003 0.306804 -0.058631 0.949965 0.000001 0.000000 0.000000 0.000000 1.000000
-0.511644 -0.852518 0.106932 42.417770 0.804288 -0.519000 -0.289416 0.000002 0.302230 -0.062073 0.951212 0.000000 0.000000 0.000000 0.000000 1.000000
-0.516136 -0.850069 0.104819 42.417767 0.802691 -0.522765 -0.287061 0.000001 0.298818 -0.064025 0.952160 0.000001 0.000000 0.000000 0.000000 1.000000
-0.518077 -0.848991 0.103980 42.417770 0.801977 -0.524421 -0.286035 0.000002 0.297370 -0.064799 0.952561 -0.000000 0.000000 0.000000 0.000000 1.000000</float_array><technique_common><accessor source="#LLegAnkle-Matrix-animation-output-transform-array" count="51" stride="16"><param type="float4x4"/></accessor></technique_common></source><source id="LLegAnkle-Interpolations"><Name_array id="LLegAnkle-Interpolations-array" count="51">
 LINEAR LINEAR LINEAR LINEAR LINEAR LINEAR LINEAR LINEAR LINEAR LINEAR LINEAR
LINEAR LINEAR LINEAR LINEAR LINEAR LINEAR LINEAR LINEAR LINEAR LINEAR LINEAR LINEAR
LINEAR LINEAR LINEAR LINEAR LINEAR LINEAR LINEAR LINEAR LINEAR LINEAR LINEAR LINEAR
