<?xml version="1.0" encoding="utf-8"?>
<COLLADA xmlns="http://www.collada.org/2005/11/COLLADASchema" version="1.4.1">
  <asset><contributor><author></author><authoring_tool>FBX COLLADA exporter</authoring_tool><comments></comments></contributor><created>2015-05-01T22:32:47Z</created><keywords></keywords><modified>2015-05-01T22:32:47Z</modified><revision></revision><subject></subject><title></title><unit meter="1.000000" name="centimeter"></unit><up_axis>Y_UP</up_axis></asset>
  <library_animations>
    <animation id="DroidControl-anim" name="DroidControl"><animation><source id="DroidControl-Matrix-animation-input"><float_array id="DroidControl-Matrix-animation-input-array" count="0">
</float_array><technique_common><accessor source="#DroidControl-Matrix-animation-input-array" count="0"><param name="TIME" type="float"/></accessor></technique_common></source><source id="DroidControl-Matrix-animation-output-transform"><float_array id="DroidControl-Matrix-animation-output-transform-array" count="0">
</float_array><technique_common><accessor source="#DroidControl-Matrix-animation-output-transform-array" count="0" stride="16"><param type="float4x4"/></accessor></technique_common></source><source id="DroidControl-Interpolations"><Name_array id="DroidControl-Interpolations-array" count="0">
</Name_array><technique_common><accessor source="#DroidControl-Interpolations-array" count="0"><param type="name"/></accessor></technique_common></source><sampler id="DroidControl-Matrix-animation-transform"><input semantic="INPUT" source="#DroidControl-Matrix-animation-input"/><input semantic="OUTPUT" source="#DroidControl-Matrix-animation-output-transform"/><input semantic="INTERPOLATION" source="#DroidControl-Interpolations"/></sampler><channel source="#DroidControl-Matrix-animation-transform" target="DroidControl/matrix"/></animation></animation>
    <animation id="Pelvis-anim" name="Pelvis"><animation><source id="Pelvis-Matrix-animation-input"><float_array id="Pelvis-Matrix-animation-input-array" count="31">

0.000000 0.033333 0.066667 0.100000 0.133333 0.166667 0.200000 0.233333 0.266667 0.300000 0.333333 0.366667 0.400000 0.433333 0.466667 0.500000
0.533333 0.566667 0.600000 0.633333 0.666667 0.700000 0.733333 0.766667 0.800000 0.833333 0.866667 0.900000 0.933333 0.966667 1.000000</float_array><technique_common><accessor source="#Pelvis-Matrix-animation-input-array" count="31"><param name="TIME" type="float"/></accessor></technique_common></source><source id="Pelvis-Matrix-animation-output-transform"><float_array id="Pelvis-Matrix-animation-output-transform-array" count="496">

0.000000 -0.000000 1.000000 -0.000000 1.000000 0.000000 -0.000000 62.938950 0.000000 1.000000 0.000000 2.702183 0.000000 0.000000 0.000000 1.000000
0.000083 0.081220 0.996696 -1.559092 0.998679 0.051207 -0.004256 64.507980 -0.051384 0.995380 -0.081109 0.161958 0.000000 0.000000 0.000000 1.000000
0.000680 0.230273 0.973126 -4.454549 0.989124 0.142978 -0.034524 67.421906 -0.147085 0.962565 -0.227671 -5.755474 0.000000 0.000000 0.000000 1.000000
0.001249 0.308620 0.951185 -6.013641 0.979739 0.190120 -0.062973 68.990936 -0.200274 0.931991 -0.302130 -12.495251 0.000000 0.000000 0.000000 1.000000
-0.002478 0.301092 0.953592 -6.006003 0.979011 0.195066 -0.059047 67.775650 -0.203791 0.933431 -0.295256 -21.153835 0.000000 0.000000 0.000000 1.000000
-0.013021 0.280115 0.959878 -5.952537 0.978395 0.201660 -0.045577 65.518692 -0.206336 0.938546 -0.276689 -30.634766 0.000000 0.000000 0.000000 1.000000
-0.029157 0.248099 0.968296 -5.807412 0.977883 0.207794 -0.023796 64.303406 -0.207109 0.946186 -0.248670 -35.093796 0.000000 0.000000 0.000000 1.000000
-0.049390 0.207587 0.976969 -5.239007 0.977469 0.211027 0.004576 64.492500 -0.205217 0.955183 -0.213333 -34.523399 0.000000 0.000000 0.000000 1.000000
-0.071989 0.161372 0.984264 -4.065811 0.977145 0.209304 0.037153 64.999260 -0.200015 0.964443 -0.172751 -32.960609 0.000000 0.000000 0.000000 1.000000
-0.095118 0.112458 0.989093 -2.467169 0.976899 0.201552 0.071029 65.732933 -0.191366 0.973000 -0.129032 -30.628006 0.000000 0.000000 0.000000 1.000000
-0.117031 0.063912 0.991070 -0.622426 0.976722 0.188047 0.103210 66.602753 -0.179771 0.980079 -0.084431 -27.748184 0.000000 0.000000 0.000000 1.000000
-0.136286 0.018669 0.990494 1.289075 0.976603 0.170418 0.131162 67.517952 -0.166350 0.985195 -0.041458 -24.543728 0.000000 0.000000 0.000000 1.000000
-0.151883 -0.020586 0.988184 3.087990 0.976531 0.151338 0.153245 68.387772 -0.152705 0.988268 -0.002883 -21.237230 0.000000 0.000000 0.000000 1.000000
-0.163284 -0.051433 0.985237 4.594973 0.976494 0.134000 0.168830 69.121445 -0.140705 0.989646 0.028344 -18.051279 0.000000 0.000000 0.000000 1.000000
-0.170276 -0.071609 0.982791 5.630683 0.976480 0.121603 0.178043 69.628204 -0.132259 0.989992 0.049218 -15.208458 0.000000 0.000000 0.000000 1.000000
-0.172687 -0.078857 0.981815 6.015774 0.976478 0.116952 0.181142 69.817299 -0.129110 0.990002 0.056806 -12.931360 0.000000 0.000000 0.000000 1.000000
-0.169001 -0.077831 0.982538 5.658988 0.977072 0.117749 0.177388 69.709740 -0.129499 0.989989 0.056147 -11.092047 0.000000 0.000000 0.000000 1.000000
-0.158705 -0.074899 0.984481 4.702804 0.978701 0.119578 0.166871 69.413315 -0.130221 0.989996 0.054326 -9.403959 0.000000 0.000000 0.000000 1.000000
-0.143072 -0.070264 0.987215 3.318477 0.981102 0.121222 0.150814 68.967438 -0.130269 0.990135 0.051593 -7.851758 0.000000 0.000000 0.000000 1.000000
-0.123555 -0.064166 0.990261 1.677264 0.983986 0.121273 0.130630 68.411514 -0.128474 0.990543 0.048154 -6.420101 0.000000 0.000000 0.000000 1.000000
-0.101780 -0.056931 0.993176 -0.049577 0.987071 0.118486 0.107946 67.784935 -0.123823 0.991322 0.044135 -5.093648 0.000000 0.000000 0.000000 1.000000
-0.079469 -0.048972 0.995634 -1.690789 0.990101 0.112046 0.084538 67.127098 -0.115696 0.992496 0.039583 -3.857059 0.000000 0.000000 0.000000 1.000000
-0.058284 -0.040742 0.997468 -3.075115 0.992867 0.101735 0.062171 66.477425 -0.104010 0.993977 0.034522 -2.694993 0.000000 0.000000 0.000000 1.000000
-0.039644 -0.032660 0.998680 -4.031301 0.995220 0.087978 0.042384 65.875298 -0.089246 0.995587 0.029016 -1.592108 0.000000 0.000000 0.000000 1.000000
-0.024543 -0.025059 0.999385 -4.388086 0.997075 0.071760 0.026286 65.360130 -0.072375 0.997107 0.023225 -0.533065 0.000000 0.000000 0.000000 1.000000
-0.013430 -0.018174 0.999745 -4.063043 0.998413 0.054441 0.014401 64.862343 -0.054689 0.998352 0.017414 0.430358 0.000000 0.000000 0.000000 1.000000
-0.006182 -0.012165 0.999907 -3.250434 0.999274 0.037529 0.006634 64.324814 -0.037606 0.999221 0.011924 1.232135 0.000000 0.000000 0.000000 1.000000
-0.002180 -0.007169 0.999972 -2.194043 0.999745 0.022478 0.002340 63.805622 -0.022495 0.999722 0.007118 1.866236 0.000000 0.000000 0.000000 1.000000
-0.000476 -0.003341 0.999994 -1.137652 0.999944 0.010548 0.000512 63.362862 -0.010550 0.999939 0.003335 2.326631 0.000000 0.000000 0.000000 1.000000
-0.000033 -0.000875 1.000000 -0.325043 0.999996 0.002769 0.000035 63.054607 -0.002769 0.999996 0.000875 2.607290 0.000000 0.000000 0.000000 1.000000
0.000000 -0.000000 1.000000 -0.000000 1.000000 -0.000000 -0.000000 62.938950 0.000000 1.000000 0.000000 2.702183 0.000000 0.000000 0.000000 1.000000</float_array><technique_common><accessor source="#Pelvis-Matrix-animation-output-transform-array" count="31" stride="16"><param type="float4x4"/></accessor></technique_common></source><source id="Pelvis-Interpolations"><Name_array id="Pelvis-Interpolations-array" count="31">
 LINEAR LINEAR LINEAR LINEAR LINEAR LINEAR LINEAR LINEAR LINEAR LINEAR LINEAR
LINEAR LINEAR LINEAR LINEAR LINEAR LINEAR LINEAR LINEAR LINEAR LINEAR LINEAR LINEAR
LINEAR LINEAR LINEAR LINEAR LINEAR LINEAR LINEAR LINEAR</Name_array><technique_common><accessor source="#Pelvis-Interpolations-array" count="31"><param type="name"/></accessor></technique_common></source><sampler id="Pelvis-Matrix-animation-transform"><input semantic="INPUT" source="#Pelvis-Matrix-animation-input"/><input semantic="OUTPUT" source="#Pelvis-Matrix-animation-output-transform"/><input semantic="INTERPOLATION" source="#Pelvis-Interpolations"/></sampler><channel source="#Pelvis-Matrix-animation-transform" target="Pelvis/matrix"/></animation></animation>
    <animation id="LLeg1-anim" name="LLeg1"><animation><source id="LLeg1-Matrix-animation-input"><float_array id="LLeg1-Matrix-animation-input-array" count="31">

0.000000 0.033333 0.066667 0.100000 0.133333 0.166667 0.200000 0.233333 0.266667 0.300000 0.333333 0.366667 0.400000 0.433333 0.466667 0.500000
0.533333 0.566667 0.600000 0.633333 0.666667 0.700000 0.733333 0.766667 0.800000 0.833333 0.866667 0.900000 0.933333 0.966667 1.000000</float_array><technique_common><accessor source="#LLeg1-Matrix-animation-input-array" count="31"><param name="TIME" type="float"/></accessor></technique_common></source><source id="LLeg1-Matrix-animation-output-transform"><float_array id="LLeg1-Matrix-animation-output-transform-array" count="496">

-0.907954 0.402057 -0.118192 0.000000 0.354163 0.886948 0.296466 -0.000000 0.224026 0.227318 -0.947701 7.451146 0.000000 0.000000 0.000000 1.000000
-0.909647 0.385982 -0.153491 -0.000008 0.332359 0.897970 0.288421 -0.000001 0.249156 0.211348 -0.945121 7.451146 0.000000 0.000000 0.000000 1.000000
-0.909733 0.360645 -0.205721 0.000008 0.298919 0.912789 0.278323 -0.000000 0.288155 0.191706 -0.938198 7.451146 0.000000 0.000000 0.000000 1.000000
-0.907437 0.368914 -0.201149 -0.000000 0.306883 0.908867 0.282461 -0.000000 0.287021 0.194587 -0.937952 7.451148 0.000000 0.000000 0.000000 1.000000
-0.873578 0.469513 -0.128138 0.000000 0.418082 0.858741 0.296262 0.000002 0.249136 0.205236 -0.946472 7.451146 0.000000 0.000000 0.000000 1.000000
-0.831025 0.554594 -0.042698 0.000008 0.518505 0.800159 0.301494 -0.000002 0.201372 0.228410 -0.952511 7.451146 0.000000 0.000000 0.000000 1.000000
-0.820414 0.571767 0.002067 0.000000 0.545881 0.782186 0.300331 -0.000006 0.170102 0.247525 -0.953832 7.451146 0.000000 0.000000 0.000000 1.000000
-0.833634 0.552140 0.014013 0.000000 0.530006 0.792564 0.301556 0.000000 0.155395 0.258815 -0.953345 7.451145 0.000000 0.000000 0.000000 1.000000
-0.852088 0.522452 0.031451 0.000000 0.506101 0.807120 0.304006 0.000000 0.133444 0.274957 -0.952150 7.451145 0.000000 0.000000 0.000000 1.000000
-0.873888 0.483042 0.054686 0.000000 0.474965 0.824432 0.307765 -0.000002 0.103579 0.294926 -0.949889 7.451145 0.000000 0.000000 0.000000 1.000000
-0.897063 0.434152 0.082399 0.000008 0.436897 0.843365 0.312820 -0.000003 0.066320 0.316619 -0.946231 7.451145 0.000000 0.000000 0.000000 1.000000
-0.919467 0.376914 0.111871 -0.000000 0.392451 0.862713 0.318917 0.000000 0.023692 0.337138 -0.941157 7.451144 0.000000 0.000000 0.000000 1.000000
-0.939115 0.313980 0.139571 -0.000008 0.342975 0.881127 0.325551 -0.000001 -0.020763 0.353600 -0.935166 7.451146 0.000000 0.000000 0.000000 1.000000
-0.954585 0.250216 0.161739 0.000008 0.291414 0.897113 0.332064 -0.000001 -0.062010 0.364116 -0.929286 7.451146 0.000000 0.000000 0.000000 1.000000
-0.965389 0.193662 0.174697 -0.000008 0.243504 0.909207 0.337710 -0.000001 -0.093434 0.368562 -0.924896 7.451145 0.000000 0.000000 0.000000 1.000000
-0.972156 0.156065 0.174801 0.000008 0.208540 0.916415 0.341606 -0.000001 -0.106877 0.368547 -0.923444 7.451147 0.000000 0.000000 0.000000 1.000000
-0.976862 0.142969 0.159060 -0.000008 0.190447 0.919914 0.342767 -0.000002 -0.097316 0.365129 -0.925856 7.451145 0.000000 0.000000 0.000000 1.000000
-0.980603 0.147382 0.129217 0.000008 0.183494 0.922039 0.340845 -0.000001 -0.068909 0.357944 -0.931197 7.451147 0.000000 0.000000 0.000000 1.000000
-0.982476 0.163899 0.088757 0.000008 0.184432 0.923677 0.335865 -0.000001 -0.026935 0.346349 -0.937718 7.451146 0.000000 0.000000 0.000000 1.000000
-0.981339 0.187762 0.041455 -0.000000 0.190870 0.925118 0.328217 -0.000000 0.023276 0.330005 -0.943692 7.451147 0.000000 0.000000 0.000000 1.000000
-0.976521 0.215249 -0.008629 0.000000 0.201345 0.926220 0.318712 -0.000001 0.076595 0.309492 -0.947812 7.451144 0.000000 0.000000 0.000000 1.000000
-0.968183 0.243602 -0.057270 0.000008 0.214896 0.926625 0.308522 0.000000 0.128225 0.286399 -0.949491 7.451145 0.000000 0.000000 0.000000 1.000000
-0.957381 0.270838 -0.100336 0.000000 0.230619 0.925973 0.298982 -0.000001 0.173884 0.263100 -0.948969 7.451146 0.000000 0.000000 0.000000 1.000000
-0.945897 0.295491 -0.134031 0.000000 0.247389 0.924073 0.291354 0.000000 0.209947 0.242434 -0.947179 7.451145 0.000000 0.000000 0.000000 1.000000
-0.935912 0.316239 -0.155116 -0.000000 0.263705 0.921032 0.286636 -0.000000 0.233512 0.227361 -0.945399 7.451145 0.000000 0.000000 0.000000 1.000000
-0.927742 0.336110 -0.162246 0.000000 0.281980 0.916031 0.285262 -0.000000 0.244502 0.218899 -0.944617 7.451147 0.000000 0.000000 0.000000 1.000000
-0.920642 0.356837 -0.158382 0.000000 0.302994 0.908900 0.286523 -0.000000 0.246196 0.215797 -0.944891 7.451146 0.000000 0.000000 0.000000 1.000000
-0.915040 0.375410 -0.147540 0.000000 0.323023 0.901070 0.289358 -0.000000 0.241572 0.217116 -0.945782 7.451145 0.000000 0.000000 0.000000 1.000000
-0.911084 0.389778 -0.134158 0.000000 0.339361 0.893971 0.292662 -0.000000 0.234006 0.221112 -0.946758 7.451145 0.000000 0.000000 0.000000 1.000000
-0.908741 0.398857 -0.122892 0.000000 0.350201 0.888889 0.295358 -0.000001 0.227043 0.225367 -0.947449 7.451145 0.000000 0.000000 0.000000 1.000000
-0.907954 0.402057 -0.118192 0.000000 0.354163 0.886948 0.296466 -0.000000 0.224026 0.227318 -0.947701 7.451146 0.000000 0.000000 0.000000 1.000000</float_array><technique_common><accessor source="#LLeg1-Matrix-animation-output-transform-array" count="31" stride="16"><param type="float4x4"/></accessor></technique_common></source><source id="LLeg1-Interpolations"><Name_array id="LLeg1-Interpolations-array" count="31">
 LINEAR LINEAR LINEAR LINEAR LINEAR LINEAR LINEAR LINEAR LINEAR LINEAR LINEAR
LINEAR LINEAR LINEAR LINEAR LINEAR LINEAR LINEAR LINEAR LINEAR LINEAR LINEAR LINEAR
LINEAR LINEAR LINEAR LINEAR LINEAR LINEAR LINEAR LINEAR</Name_array><technique_common><accessor source="#LLeg1-Interpolations-array" count="31"><param type="name"/></accessor></technique_common></source><sampler id="LLeg1-Matrix-animation-transform"><input semantic="INPUT" source="#LLeg1-Matrix-animation-input"/><input semantic="OUTPUT" source="#LLeg1-Matrix-animation-output-transform"/><input semantic="INTERPOLATION" source="#LLeg1-Interpolations"/></sampler><channel source="#LLeg1-Matrix-animation-transform" target="LLeg1/matrix"/></animation></animation>
    <animation id="LLeg2-anim" name="LLeg2"><animation><source id="LLeg2-Matrix-animation-input"><float_array id="LLeg2-Matrix-animation-input-array" count="31">

0.000000 0.033333 0.066667 0.100000 0.133333 0.166667 0.200000 0.233333 0.266667 0.300000 0.333333 0.366667 0.400000 0.433333 0.466667 0.500000
0.533333 0.566667 0.600000 0.633333 0.666667 0.700000 0.733333 0.766667 0.800000 0.833333 0.866667 0.900000 0.933333 0.966667 1.000000</float_array><technique_common><accessor source="#LLeg2-Matrix-animation-input-array" count="31"><param name="TIME" type="float"/></accessor></technique_common></source><source id="LLeg2-Matrix-animation-output-transform"><float_array id="LLeg2-Matrix-animation-output-transform-array" count="496">

0.500440 0.865243 -0.030267 30.975620 -0.865540 0.500808 0.005605 -0.000038 0.020008 0.023393 0.999526 0.000007 0.000000 0.000000 0.000000 1.000000
0.548599 0.835574 -0.029229 30.975615 -0.835862 0.548926 0.003921 -0.000038 0.019321 0.022280 0.999565 0.000008 0.000000 0.000000 0.000000 1.000000
0.657134 0.753313 -0.026351 30.975615 -0.753572 0.657365 0.000128 -0.000038 0.017419 0.019774 0.999653 0.000010 0.000000 0.000000 0.000000 1.000000
0.736949 0.675535 -0.023631 30.975609 -0.675768 0.737110 -0.002661 -0.000040 0.015621 0.017930 0.999717 0.000008 0.000000 0.000000 0.000000 1.000000
0.728012 0.685146 -0.023967 30.975616 -0.685381 0.728181 -0.002349 -0.000038 0.015843 0.018137 0.999710 0.000008 0.000000 0.000000 0.000000 1.000000
0.740125 0.672058 -0.023514 30.975620 -0.672289 0.740284 -0.002768 -0.000032 0.015547 0.017857 0.999720 0.000015 0.000000 0.000000 0.000000 1.000000
0.763914 0.644924 -0.022560 30.975609 -0.645146 0.764051 -0.003604 -0.000031 0.014913 0.017308 0.999739 0.000003 0.000000 0.000000 0.000000 1.000000
0.762823 0.646213 -0.022604 30.975620 -0.646435 0.762961 -0.003566 -0.000040 0.014942 0.017332 0.999738 0.000003 0.000000 0.000000 0.000000 1.000000
0.758831 0.650890 -0.022769 30.975616 -0.651115 0.758972 -0.003426 -0.000034 0.015051 0.017425 0.999735 0.000006 0.000000 0.000000 0.000000 1.000000
0.755906 0.654280 -0.022883 30.975613 -0.654505 0.756050 -0.003328 -0.000036 0.015123 0.017492 0.999733 0.000004 0.000000 0.000000 0.000000 1.000000
0.760075 0.649438 -0.022718 30.975613 -0.649662 0.760216 -0.003470 -0.000038 0.015017 0.017396 0.999736 0.000010 0.000000 0.000000 0.000000 1.000000
0.772709 0.634372 -0.022191 30.975620 -0.634591 0.772839 -0.003911 -0.000034 0.014669 0.017104 0.999746 0.000008 0.000000 0.000000 0.000000 1.000000
0.793268 0.608500 -0.021286 30.975613 -0.608710 0.793379 -0.004630 -0.000040 0.014071 0.016629 0.999763 0.000007 0.000000 0.000000 0.000000 1.000000
0.817499 0.575578 -0.020135 30.975616 -0.575776 0.817589 -0.005476 -0.000040 0.013310 0.016070 0.999782 0.000007 0.000000 0.000000 0.000000 1.000000
0.838135 0.545131 -0.019069 30.975613 -0.545319 0.838206 -0.006198 -0.000034 0.012605 0.015594 0.999799 0.000009 0.000000 0.000000 0.000000 1.000000
0.845871 0.533062 -0.018647 30.975616 -0.533246 0.845936 -0.006468 -0.000038 0.012326 0.015415 0.999805 0.000007 0.000000 0.000000 0.000000 1.000000
0.837105 0.546708 -0.019125 30.975624 -0.546896 0.837178 -0.006162 -0.000040 0.012642 0.015617 0.999798 0.000009 0.000000 0.000000 0.000000 1.000000
0.816928 0.576388 -0.020163 30.975620 -0.576587 0.817018 -0.005457 -0.000038 0.013328 0.016083 0.999782 -0.000001 0.000000 0.000000 0.000000 1.000000
0.788841 0.614224 -0.021437 30.975620 -0.614434 0.788955 -0.004502 -0.000046 0.014148 0.016723 0.999760 0.000008 0.000000 0.000000 0.000000 1.000000
0.756586 0.653495 -0.022860 30.975624 -0.653720 0.756730 -0.003348 -0.000040 0.015111 0.017477 0.999733 0.000007 0.000000 0.000000 0.000000 1.000000
0.723183 0.690235 -0.024146 30.975620 -0.690473 0.723356 -0.002179 -0.000038 0.015962 0.018248 0.999706 0.000006 0.000000 0.000000 0.000000 1.000000
0.691071 0.722346 -0.025267 30.975620 -0.722594 0.691271 -0.001060 -0.000040 0.016701 0.018991 0.999680 0.000008 0.000000 0.000000 0.000000 1.000000
0.661766 0.749253 -0.026210 30.975616 -0.749510 0.661993 -0.000034 -0.000040 0.017326 0.019667 0.999657 0.000008 0.000000 0.000000 0.000000 1.000000
0.636031 0.771192 -0.026976 30.975609 -0.771458 0.636280 0.000863 -0.000034 0.017829 0.020262 0.999636 0.000010 0.000000 0.000000 0.000000 1.000000
0.614255 0.788626 -0.027586 30.975613 -0.788897 0.614523 0.001626 -0.000036 0.018235 0.020764 0.999618 0.000005 0.000000 0.000000 0.000000 1.000000
0.591602 0.805737 -0.028185 30.975616 -0.806015 0.591891 0.002418 -0.000038 0.018631 0.021287 0.999600 0.000006 0.000000 0.000000 0.000000 1.000000
0.565711 0.824097 -0.028906 30.975616 -0.824381 0.566026 0.003440 -0.000040 0.019196 0.021883 0.999576 0.000008 0.000000 0.000000 0.000000 1.000000
0.540710 0.840695 -0.029411 30.975616 -0.840984 0.541043 0.004201 -0.000038 0.019444 0.022463 0.999558 0.000006 0.000000 0.000000 0.000000 1.000000
0.520247 0.853495 -0.029852 30.975613 -0.853788 0.520597 0.004900 -0.000040 0.019723 0.022938 0.999542 0.000006 0.000000 0.000000 0.000000 1.000000
0.505668 0.862201 -0.030173 30.975613 -0.862497 0.506033 0.005443 -0.000038 0.019962 0.023272 0.999530 0.000009 0.000000 0.000000 0.000000 1.000000
0.500440 0.865243 -0.030267 30.975620 -0.865540 0.500808 0.005605 -0.000038 0.020008 0.023393 0.999526 0.000007 0.000000 0.000000 0.000000 1.000000</float_array><technique_common><accessor source="#LLeg2-Matrix-animation-output-transform-array" count="31" stride="16"><param type="float4x4"/></accessor></technique_common></source><source id="LLeg2-Interpolations"><Name_array id="LLeg2-Interpolations-array" count="31">
 LINEAR LINEAR LINEAR LINEAR LINEAR LINEAR LINEAR LINEAR LINEAR LINEAR LINEAR
LINEAR LINEAR LINEAR LINEAR LINEAR LINEAR LINEAR LINEAR LINEAR LINEAR LINEAR LINEAR
LINEAR LINEAR LINEAR LINEAR LINEAR LINEAR LINEAR LINEAR</Name_array><technique_common><accessor source="#LLeg2-Interpolations-array" count="31"><param type="name"/></accessor></technique_common></source><sampler id="LLeg2-Matrix-animation-transform"><input semantic="INPUT" source="#LLeg2-Matrix-animation-input"/><input semantic="OUTPUT" source="#LLeg2-Matrix-animation-output-transform"/><input semantic="INTERPOLATION" source="#LLeg2-Interpolations"/></sampler><channel source="#LLeg2-Matrix-animation-transform" target="LLeg2/matrix"/></animation></animation>
    <animation id="LLegAnkle-anim" name="LLegAnkle"><animation><source id="LLegAnkle-Matrix-animation-input"><float_array id="LLegAnkle-Matrix-animation-input-array" count="31">

0.000000 0.033333 0.066667 0.100000 0.133333 0.166667 0.200000 0.233333 0.266667 0.300000 0.333333 0.366667 0.400000 0.433333 0.466667 0.500000
0.533333 0.566667 0.600000 0.633333 0.666667 0.700000 0.733333 0.766667 0.800000 0.833333 0.866667 0.900000 0.933333 0.966667 1.000000</float_array><technique_common><accessor source="#LLegAnkle-Matrix-animation-input-array" count="31"><param name="TIME" type="float"/></accessor></technique_common></source><source id="LLegAnkle-Matrix-animation-output-transform"><float_array id="LLegAnkle-Matrix-animation-output-transform-array" count="496">

-0.518077 -0.848991 0.103980 42.417770 0.801977 -0.524421 -0.286035 0.000002 0.297370 -0.064799 0.952561 -0.000000 0.000000 0.000000 0.000000 1.000000
-0.442107 -0.890922 0.103926 42.417770 0.816174 -0.447633 -0.365358 0.000000 0.372026 -0.076705 0.925048 -0.000001 0.000000 0.000000 0.000000 1.000000
-0.270087 -0.959067 0.085116 42.417767 0.816596 -0.275005 -0.507489 -0.000001 0.510123 -0.067561 0.857444 0.000001 0.000000 0.000000 0.000000 1.000000
-0.113320 -0.991894 0.057489 42.417763 0.806730 -0.125632 -0.577412 -0.000001 0.579954 -0.019054 0.814427 -0.000002 0.000000 0.000000 0.000000 1.000000
0.007143 -0.998333 0.057284 42.417770 0.823699 -0.026607 -0.566404 0.000000 0.566983 0.051230 0.822135 0.000000 0.000000 0.000000 0.000000 1.000000
0.149188 -0.987676 0.047324 42.417767 0.832927 0.099732 -0.544323 -0.000000 0.532895 0.120624 0.837540 0.000000 0.000000 0.000000 0.000000 1.000000
0.217288 -0.975512 0.034092 42.417767 0.841251 0.169439 -0.513409 -0.000000 0.495060 0.140237 0.857467 -0.000001 0.000000 0.000000 0.000000 1.000000
0.197221 -0.979763 0.034191 42.417770 0.864266 0.157298 -0.477811 0.000001 0.462763 0.123785 0.877798 -0.000000 0.000000 0.000000 0.000000 1.000000
0.161019 -0.986073 0.041635 42.417767 0.889254 0.126651 -0.439531 0.000000 0.428136 0.107797 0.897263 -0.000002 0.000000 0.000000 0.000000 1.000000
0.112232 -0.992176 0.054694 42.417767 0.914509 0.081603 -0.396253 0.000000 0.388690 0.094490 0.916511 -0.000001 0.000000 0.000000 0.000000 1.000000
0.060798 -0.995777 0.068798 42.417767 0.934465 0.032557 -0.354563 -0.000000 0.350826 0.085846 0.932498 -0.000002 0.000000 0.000000 0.000000 1.000000
0.010655 -0.996514 0.082746 42.417770 0.949105 -0.015971 -0.314556 0.000001 0.314781 0.081886 0.945626 0.000000 0.000000 0.000000 0.000000 1.000000
-0.033296 -0.994938 0.094812 42.417763 0.958203 -0.058749 -0.279992 0.000001 0.284145 0.081527 0.955309 0.000000 0.000000 0.000000 0.000000 1.000000
-0.069339 -0.992148 0.104095 42.417770 0.962769 -0.093883 -0.253502 0.000000 0.261284 0.082642 0.961718 0.000000 0.000000 0.000000 0.000000 1.000000
-0.099230 -0.988956 0.110087 42.417763 0.963638 -0.123090 -0.237171 -0.000002 0.248103 0.082550 0.965210 0.000000 0.000000 0.000000 0.000000 1.000000
-0.126333 -0.985562 0.112731 42.417770 0.960890 -0.149812 -0.232911 0.000000 0.246437 0.078898 0.965942 0.000000 0.000000 0.000000 0.000000 1.000000
-0.158115 -0.981227 0.110426 42.417763 0.954906 -0.180412 -0.235813 0.000001 0.251309 0.068160 0.965504 0.000001 0.000000 0.000000 0.000000 1.000000
-0.195291 -0.975383 0.102419 42.417767 0.946624 -0.214773 -0.240366 -0.000001 0.256446 0.050011 0.965264 -0.000001 0.000000 0.000000 0.000000 1.000000
-0.234860 -0.967858 0.089960 42.417767 0.936230 -0.250125 -0.246801 0.000001 0.261370 0.026259 0.964882 0.000000 0.000000 0.000000 0.000000 1.000000
-0.273939 -0.958855 0.074532 42.417767 0.924299 -0.283895 -0.255098 -0.000000 0.265762 -0.000991 0.964039 -0.000001 0.000000 0.000000 0.000000 1.000000
-0.311033 -0.948647 0.057697 42.417770 0.911419 -0.314934 -0.264826 0.000000 0.269397 -0.029784 0.962569 0.000001 0.000000 0.000000 0.000000 1.000000
-0.345129 -0.937641 0.041432 42.417767 0.898217 -0.342776 -0.275157 -0.000001 0.272201 -0.057750 0.960506 0.000001 0.000000 0.000000 0.000000 1.000000
-0.375902 -0.926238 0.027961 42.417767 0.885135 -0.367826 -0.285028 0.000001 0.274288 -0.082393 0.958112 0.000001 0.000000 0.000000 0.000000 1.000000
-0.403411 -0.914807 0.019706 42.417763 0.872408 -0.391030 -0.293257 -0.000001 0.275979 -0.101112 0.955831 0.000001 0.000000 0.000000 0.000000 1.000000
-0.427821 -0.903659 0.019209 42.417770 0.860107 -0.413550 -0.298653 -0.000000 0.277825 -0.111248 0.954169 0.000000 0.000000 0.000000 0.000000 1.000000
-0.450802 -0.892171 0.028447 42.417767 0.847417 -0.437767 -0.300409 0.000000 0.280470 -0.111318 0.953386 -0.000000 0.000000 0.000000 0.000000 1.000000
-0.472552 -0.880164 0.044802 42.417767 0.834475 -0.463214 -0.298471 -0.000000 0.283457 -0.103657 0.953367 0.000000 0.000000 0.000000 0.000000 1.000000
-0.491494 -0.868457 0.064935 42.417770 0.821696 -0.487147 -0.295812 -0.000000 0.288533 -0.092033 0.953037 0.000001 0.000000 0.000000 0.000000 1.000000
-0.506138 -0.858324 0.084290 42.417767 0.810956 -0.506903 -0.292234 0.000000 0.293558 -0.079555 0.952626 -0.000001 0.000000 0.000000 0.000000 1.000000
-0.514606 -0.851761 0.098411 42.417767 0.804632 -0.519380 -0.287774 0.000003 0.296227 -0.068906 0.952629 -0.000000 0.000000 0.000000 0.000000 1.000000
-0.518077 -0.848991 0.103980 42.417770 0.801977 -0.524421 -0.286035 0.000002 0.297370 -0.064799 0.952561 -0.000000 0.000000 0.000000 0.000000 1.000000</float_array><technique_common><accessor source="#LLegAnkle-Matrix-animation-output-transform-array" count="31" stride="16"><param type="float4x4"/></accessor></technique_common></source><source id="LLegAnkle-Interpolations"><Name_array id="LLegAnkle-Interpolations-array" count="31">
 LINEAR LINEAR LINEAR LINEAR LINEAR LINEAR LINEAR LINEAR LINEAR LINEAR LINEAR
LINEAR LINEAR LINEAR LINEAR LINEAR LINEAR LINEAR LINEAR LINEAR LINEAR LINEAR LINEAR
LINEAR LINEAR LINEAR LINEAR LINEAR LINEAR LINEAR LINEAR</Name_array><technique_common><accessor source="#LLegAnkle-Interpolations-array" count="31"><param type="name"/></accessor></technique_common></source><sampler id="LLegAnkle-Matrix-animation-transform"><input semantic="INPUT" source="#LLegAnkle-Matrix-animation-input"/><input semantic="OUTPUT" source="#LLegAnkle-Matrix-animation-output-transform"/><input semantic="INTERPOLATION" source="#LLegAnkle-Interpolations"/></sampler><channel source="#LLegAnkle-Matrix-animation-transform" target="LLegAnkle/matrix"/></animation></animation>
    <animation id="RLeg1-anim" name="RLeg1"><animation><source id="RLeg1-Matrix-animation-input"><float_array id="RLeg1-Matrix-animation-input-array" count="31">

0.000000 0.033333 0.066667 0.100000 0.133333 0.166667 0.200000 0.233333 0.266667 0.300000 0.333333 0.366667 0.400000 0.433333 0.466667 0.500000
0.533333 0.566667 0.600000 0.633333 0.666667 0.700000 0.733333 0.766667 0.800000 0.833333 0.866667 0.900000 0.933333 0.966667 1.000000</float_array><technique_common><accessor source="#RLeg1-Matrix-animation-input-array" count="31"><param name="TIME" type="float"/></accessor></technique_common></source><source id="RLeg1-Matrix-animation-output-transform"><float_array id="RLeg1-Matrix-animation-output-transform-array" count="496">

-0.656213 0.751925 0.063198 0.000000 0.730768 0.654148 -0.195111 -0.000000 -0.188049 -0.081851 -0.978743 -7.451145 0.000000 0.000000 0.000000 1.000000
-0.717102 0.692757 0.076500 0.000000 0.670351 0.715593 -0.196357 -0.000000 -0.190771 -0.089526 -0.977543 -7.451145 0.000000 0.000000 0.000000 1.000000
-0.854864 0.516990 0.043916 0.000008 0.500972 0.844472 -0.189462 0.000000 -0.135035 -0.139964 -0.980905 -7.451145 0.000000 0.000000 0.000000 1.000000
-0.938099 0.346121 -0.013028 0.000000 0.342170 0.920246 -0.189914 -0.000001 -0.053744 -0.182616 -0.981714 -7.451146 0.000000 0.000000 0.000000 1.000000
-0.964031 0.265438 -0.013672 0.000000 0.263096 0.945694 -0.190905 0.000001 -0.037744 -0.187635 -0.981513 -7.451145 0.000000 0.000000 0.000000 1.000000
-0.978599 0.205767 0.002091 0.000008 0.201621 0.960817 -0.190210 -0.000000 -0.041148 -0.185718 -0.981741 -7.451144 0.000000 0.000000 0.000000 1.000000
-0.981632 0.188104 0.031880 -0.000000 0.178933 0.965681 -0.188264 -0.000004 -0.066199 -0.179102 -0.981601 -7.451142 0.000000 0.000000 0.000000 1.000000
-0.980024 0.183650 0.076327 0.000000 0.167061 0.968420 -0.185076 0.000000 -0.107906 -0.168628 -0.979755 -7.451144 0.000000 0.000000 0.000000 1.000000
-0.978714 0.154848 0.134687 -0.000008 0.129542 0.975141 -0.179778 -0.000000 -0.159177 -0.158504 -0.974443 -7.451143 0.000000 0.000000 0.000000 1.000000
-0.973641 0.107422 0.201205 0.000000 0.072781 0.982356 -0.172280 0.000000 -0.216161 -0.153095 -0.964280 -7.451145 0.000000 0.000000 0.000000 1.000000
-0.962010 0.044588 0.269348 0.000000 0.000003 0.986576 -0.163306 -0.000002 -0.273013 -0.157101 -0.949096 -7.451146 0.000000 0.000000 0.000000 1.000000
-0.942387 -0.033356 0.332857 -0.000000 -0.089252 0.984019 -0.154081 0.000002 -0.322398 -0.174912 -0.930304 -7.451145 0.000000 0.000000 0.000000 1.000000
-0.912799 -0.131469 0.386670 0.000000 -0.201253 0.968635 -0.145753 -0.000001 -0.355380 -0.210862 -0.910627 -7.451144 0.000000 0.000000 0.000000 1.000000
-0.859533 -0.281266 0.426722 -0.000000 -0.369760 0.918626 -0.139301 -0.000002 -0.352817 -0.277519 -0.893590 -7.451145 0.000000 0.000000 0.000000 1.000000
-0.804236 -0.384104 0.453506 0.000000 -0.487544 0.862777 -0.133857 0.000000 -0.339860 -0.328757 -0.881143 -7.451144 0.000000 0.000000 0.000000 1.000000
-0.802908 -0.375623 0.462868 0.000000 -0.482185 0.865789 -0.133819 0.000000 -0.350480 -0.330632 -0.876268 -7.451144 0.000000 0.000000 0.000000 1.000000
-0.873576 -0.177486 0.453170 -0.000000 -0.267801 0.952792 -0.143077 0.000000 -0.406383 -0.246348 -0.879867 -7.451145 0.000000 0.000000 0.000000 1.000000
-0.903152 0.073434 0.422995 -0.000008 0.004767 0.986918 -0.161155 -0.000001 -0.429295 -0.143531 -0.891686 -7.451145 0.000000 0.000000 0.000000 1.000000
-0.884613 0.281651 0.371661 0.000000 0.227972 0.956466 -0.182215 -0.000001 -0.406802 -0.076462 -0.910311 -7.451145 0.000000 0.000000 0.000000 1.000000
-0.842159 0.444749 0.304905 -0.000000 0.400450 0.894512 -0.198720 -0.000001 -0.361121 -0.045255 -0.931420 -7.451144 0.000000 0.000000 0.000000 1.000000
-0.800773 0.551560 0.233547 -0.000000 0.513639 0.832924 -0.205946 -0.000001 -0.308118 -0.044958 -0.950285 -7.451143 0.000000 0.000000 0.000000 1.000000
-0.772307 0.614520 0.160958 0.000000 0.582754 0.786224 -0.205548 -0.000001 -0.252863 -0.064948 -0.965319 -7.451145 0.000000 0.000000 0.000000 1.000000
-0.760535 0.642590 0.093088 0.000008 0.618252 0.760492 -0.198537 0.000000 -0.198371 -0.093443 -0.975662 -7.451144 0.000000 0.000000 0.000000 1.000000
-0.764114 0.643648 0.042978 0.000000 0.626469 0.756307 -0.188512 -0.000000 -0.153840 -0.117121 -0.981130 -7.451144 0.000000 0.000000 0.000000 1.000000
-0.759564 0.650183 0.018024 -0.000008 0.636901 0.749099 -0.182232 -0.000001 -0.131985 -0.126937 -0.983090 -7.451145 0.000000 0.000000 0.000000 1.000000
-0.739150 0.673402 0.013702 0.000000 0.660447 0.728623 -0.181434 -0.000000 -0.132161 -0.125057 -0.983308 -7.451145 0.000000 0.000000 0.000000 1.000000
-0.716212 0.697608 0.019604 0.000008 0.683362 0.706733 -0.183154 -0.000000 -0.141624 -0.117780 -0.982889 -7.451144 0.000000 0.000000 0.000000 1.000000
-0.693700 0.719555 0.031948 0.000000 0.703136 0.686154 -0.186528 -0.000000 -0.156138 -0.106931 -0.981930 -7.451143 0.000000 0.000000 0.000000 1.000000
-0.674465 0.736848 0.046391 -0.000004 0.718135 0.669329 -0.190477 -0.000000 -0.171403 -0.095155 -0.980595 -7.451144 0.000000 0.000000 0.000000 1.000000
-0.661159 0.747977 0.058300 0.000000 0.727510 0.658170 -0.193756 -0.000000 -0.183296 -0.085690 -0.979316 -7.451144 0.000000 0.000000 0.000000 1.000000
-0.656213 0.751925 0.063198 0.000000 0.730768 0.654148 -0.195111 -0.000000 -0.188049 -0.081851 -0.978743 -7.451145 0.000000 0.000000 0.000000 1.000000</float_array><technique_common><accessor source="#RLeg1-Matrix-animation-output-transform-array" count="31" stride="16"><param type="float4x4"/></accessor></technique_common></source><source id="RLeg1-Interpolations"><Name_array id="RLeg1-Interpolations-array" count="31">
 LINEAR LINEAR LINEAR LINEAR LINEAR LINEAR LINEAR LINEAR LINEAR LINEAR LINEAR
LINEAR LINEAR LINEAR LINEAR LINEAR LINEAR LINEAR LINEAR LINEAR LINEAR LINEAR LINEAR
LINEAR LINEAR LINEAR LINEAR LINEAR LINEAR LINEAR LINEAR</Name_array><technique_common><accessor source="#RLeg1-Interpolations-array" count="31"><param type="name"/></accessor></technique_common></source><sampler id="RLeg1-Matrix-animation-transform"><input semantic="INPUT" source="#RLeg1-Matrix-animation-input"/><input semantic="OUTPUT" source="#RLeg1-Matrix-animation-output-transform"/><input semantic="INTERPOLATION" source="#RLeg1-Interpolations"/></sampler><channel source="#RLeg1-Matrix-animation-transform" target="RLeg1/matrix"/></animation></animation>
    <animation id="RLeg2-anim" name="RLeg2"><animation><source id="RLeg2-Matrix-animation-input"><float_array id="RLeg2-Matrix-animation-input-array" count="31">

0.000000 0.033333 0.066667 0.100000 0.133333 0.166667 0.200000 0.233333 0.266667 0.300000 0.333333 0.366667 0.400000 0.433333 0.466667 0.500000
0.533333 0.566667 0.600000 0.633333 0.666667 0.700000 0.733333 0.766667 0.800000 0.833333 0.866667 0.900000 0.933333 0.966667 1.000000</float_array><technique_common><accessor source="#RLeg2-Matrix-animation-input-array" count="31"><param name="TIME" type="float"/></accessor></technique_common></source><source id="RLeg2-Matrix-animation-output-transform"><float_array id="RLeg2-Matrix-animation-output-transform-array" count="496">

0.541803 0.839916 0.031464 30.975603 -0.840230 0.542204 -0.005285 -0.000042 -0.021499 -0.023574 0.999491 0.000003 0.000000 0.000000 0.000000 1.000000
0.470220 0.881931 0.033037 30.975605 -0.882260 0.470695 -0.007964 -0.000042 -0.022574 -0.025402 0.999423 0.000002 0.000000 0.000000 0.000000 1.000000
0.403512 0.914333 0.034251 30.975601 -0.914675 0.404055 -0.010460 -0.000034 -0.023404 -0.027108 0.999359 0.000002 0.000000 0.000000 0.000000 1.000000
0.419050 0.907326 0.033989 30.975601 -0.907665 0.419577 -0.009879 -0.000038 -0.023224 -0.026710 0.999373 0.000002 0.000000 0.000000 0.000000 1.000000
0.466105 0.884109 0.033119 30.975609 -0.884440 0.466584 -0.008118 -0.000040 -0.022630 -0.025508 0.999419 0.000004 0.000000 0.000000 0.000000 1.000000
0.524154 0.851027 0.031880 30.975601 -0.851345 0.524573 -0.005946 -0.000037 -0.021783 -0.024024 0.999474 0.000001 0.000000 0.000000 0.000000 1.000000
0.545882 0.837275 0.031364 30.975601 -0.837588 0.546278 -0.005133 -0.000037 -0.021431 -0.023469 0.999495 0.000004 0.000000 0.000000 0.000000 1.000000
0.548129 0.835808 0.031303 30.975597 -0.836120 0.548523 -0.005039 -0.000044 -0.021383 -0.023411 0.999497 0.000002 0.000000 0.000000 0.000000 1.000000
0.574479 0.817946 0.030640 30.975601 -0.818251 0.574846 -0.004063 -0.000037 -0.020937 -0.022738 0.999522 -0.000002 0.000000 0.000000 0.000000 1.000000
0.623478 0.781293 0.029269 30.975609 -0.781585 0.623795 -0.002227 -0.000044 -0.019998 -0.021488 0.999569 0.000000 0.000000 0.000000 0.000000 1.000000
0.693284 0.720159 0.026977 30.975601 -0.720428 0.693529 0.000383 -0.000036 -0.018434 -0.019701 0.999636 0.000004 0.000000 0.000000 0.000000 1.000000
0.780479 0.624743 0.023403 30.975594 -0.624977 0.780635 0.003646 -0.000043 -0.015991 -0.017472 0.999719 0.000000 0.000000 0.000000 0.000000 1.000000
0.878793 0.476869 0.017864 30.975601 -0.477047 0.878847 0.007325 -0.000040 -0.012206 -0.014959 0.999814 0.000002 0.000000 0.000000 0.000000 1.000000
0.978600 0.205629 0.007672 30.975607 -0.205705 0.978551 0.011058 -0.000048 -0.005233 -0.012400 0.999909 0.000004 0.000000 0.000000 0.000000 1.000000
1.000000 -0.000341 -0.000053 30.975601 0.000342 0.999929 0.011862 -0.000038 0.000049 -0.011862 0.999930 0.000002 0.000000 0.000000 0.000000 1.000000
1.000000 0.000344 0.000010 30.975601 -0.000345 0.999929 0.011861 -0.000038 -0.000006 -0.011861 0.999930 0.000002 0.000000 0.000000 0.000000 1.000000
0.945505 0.325380 0.012189 30.975601 -0.325502 0.945490 0.009822 -0.000036 -0.008329 -0.013254 0.999877 0.000000 0.000000 0.000000 0.000000 1.000000
0.775547 0.630847 0.023628 30.975605 -0.631083 0.775707 0.003465 -0.000039 -0.016143 -0.017599 0.999715 0.000000 0.000000 0.000000 0.000000 1.000000
0.618335 0.785363 0.029420 30.975601 -0.785657 0.618657 -0.002421 -0.000044 -0.020103 -0.021617 0.999564 0.000004 0.000000 0.000000 0.000000 1.000000
0.511057 0.858944 0.032183 30.975605 -0.859265 0.511490 -0.006447 -0.000040 -0.021999 -0.024359 0.999461 0.000002 0.000000 0.000000 0.000000 1.000000
0.461905 0.886308 0.033201 30.975605 -0.886639 0.462388 -0.008275 -0.000050 -0.022686 -0.025615 0.999415 0.000001 0.000000 0.000000 0.000000 1.000000
0.480885 0.876169 0.032822 30.975609 -0.876497 0.481348 -0.007565 -0.000038 -0.022427 -0.025131 0.999433 0.000000 0.000000 0.000000 0.000000 1.000000
0.563862 0.825290 0.030915 30.975597 -0.825599 0.564240 -0.004460 -0.000034 -0.021124 -0.023009 0.999512 0.000005 0.000000 0.000000 0.000000 1.000000
0.656681 0.753640 0.028232 30.975605 -0.753921 0.656964 -0.000987 -0.000042 -0.019291 -0.020637 0.999601 0.000001 0.000000 0.000000 0.000000 1.000000
0.681898 0.730935 0.027365 30.975597 -0.731209 0.682154 -0.000026 -0.000031 -0.018687 -0.019992 0.999626 -0.000001 0.000000 0.000000 0.000000 1.000000
0.647524 0.761511 0.028519 30.975595 -0.761796 0.647816 -0.001317 -0.000034 -0.019478 -0.020872 0.999592 0.000001 0.000000 0.000000 0.000000 1.000000
0.614146 0.788639 0.029541 30.975595 -0.788934 0.614472 -0.002577 -0.000034 -0.020185 -0.021723 0.999560 0.000005 0.000000 0.000000 0.000000 1.000000
0.584896 0.810540 0.030362 30.975599 -0.810843 0.585252 -0.003672 -0.000038 -0.020746 -0.022471 0.999532 0.000002 0.000000 0.000000 0.000000 1.000000
0.561922 0.826610 0.030962 30.975594 -0.826919 0.562302 -0.004528 -0.000038 -0.021153 -0.023059 0.999510 0.000000 0.000000 0.000000 0.000000 1.000000
0.547212 0.836406 0.031380 30.975599 -0.836718 0.547610 -0.005158 -0.000031 -0.021498 -0.023434 0.999494 0.000002 0.000000 0.000000 0.000000 1.000000
0.541803 0.839916 0.031464 30.975603 -0.840230 0.542204 -0.005285 -0.000042 -0.021499 -0.023574 0.999491 0.000003 0.000000 0.000000 0.000000 1.000000</float_array><technique_common><accessor source="#RLeg2-Matrix-animation-output-transform-array" count="31" stride="16"><param type="float4x4"/></accessor></technique_common></source><source id="RLeg2-Interpolations"><Name_array id="RLeg2-Interpolations-array" count="31">
 LINEAR LINEAR LINEAR LINEAR LINEAR LINEAR LINEAR LINEAR LINEAR LINEAR LINEAR
LINEAR LINEAR LINEAR LINEAR LINEAR LINEAR LINEAR LINEAR LINEAR LINEAR LINEAR LINEAR
