<?xml version="1.0" encoding="utf-8"?>
<COLLADA xmlns="http://www.collada.org/2005/11/COLLADASchema" version="1.4.1">
  <asset><contributor><author></author><authoring_tool>FBX COLLADA exporter</authoring_tool><comments></comments></contributor><created>2015-05-01T22:32:50Z</created><keywords></keywords><modified>2015-05-01T22:32:50Z</modified><revision></revision><subject></subject><title></title><unit meter="1.000000" name="centimeter"></unit><up_axis>Y_UP</up_axis></asset>
  <library_animations>
    <animation id="DroidControl-anim" name="DroidControl"><animation><source id="DroidControl-Matrix-animation-input"><float_array id="DroidControl-Matrix-animation-input-array" count="16">

0.000000 0.033333 0.066667 0.100000 0.133333 0.166667 0.200000 0.233333 0.266667 0.300000 0.333333 0.366667 0.400000 0.433333 0.466667 0.500000</float_array><technique_common><accessor source="#DroidControl-Matrix-animation-input-array" count="16"><param name="TIME" type="float"/></accessor></technique_common></source><source id="DroidControl-Matrix-animation-output-transform"><float_array id="DroidControl-Matrix-animation-output-transform-array" count="256">

0.000000 0.000000 1.000000 0.934265 1.000000 0.000000 -0.000000 0.000000 -0.000000 1.000000 -0.000000 3.351707 0.000000 0.000000 0.000000 1.000000
0.000000 0.000000 1.000000 0.934265 1.000000 0.000000 -0.000000 0.000000 -0.000000 1.000000 -0.000000 3.351707 0.000000 0.000000 0.000000 1.000000
0.000000 0.000000 1.000000 0.934265 1.000000 0.000000 -0.000000 0.000000 -0.000000 1.000000 -0.000000 3.351707 0.000000 0.000000 0.000000 1.000000
0.000000 0.000000 1.000000 0.934265 1.000000 0.000000 -0.000000 0.000000 -0.000000 1.000000 -0.000000 3.351707 0.000000 0.000000 0.000000 1.000000
0.000000 0.000000 1.000000 0.934265 1.000000 0.000000 -0.000000 0.000000 -0.000000 1.000000 -0.000000 3.351707 0.000000 0.000000 0.000000 1.000000
0.000000 0.000000 1.000000 0.934265 1.000000 0.000000 -0.000000 0.000000 -0.000000 1.000000 -0.000000 3.351707 0.000000 0.000000 0.000000 1.000000
0.000000 0.000000 1.000000 0.934265 1.000000 0.000000 -0.000000 0.000000 -0.000000 1.000000 -0.000000 3.351707 0.000000 0.000000 0.000000 1.000000
0.000000 0.000000 1.000000 0.934265 1.000000 0.000000 -0.000000 0.000000 -0.000000 1.000000 -0.000000 3.351707 0.000000 0.000000 0.000000 1.000000
0.000000 0.000000 1.000000 0.934265 1.000000 0.000000 -0.000000 0.000000 -0.000000 1.000000 -0.000000 3.351707 0.000000 0.000000 0.000000 1.000000
0.000000 0.000000 1.000000 0.934265 1.000000 0.000000 -0.000000 0.000000 -0.000000 1.000000 -0.000000 3.351707 0.000000 0.000000 0.000000 1.000000
0.000000 0.000000 1.000000 0.934265 1.000000 0.000000 -0.000000 0.000000 -0.000000 1.000000 -0.000000 3.351707 0.000000 0.000000 0.000000 1.000000
0.000000 0.000000 1.000000 0.934265 1.000000 0.000000 -0.000000 0.000000 -0.000000 1.000000 -0.000000 3.351707 0.000000 0.000000 0.000000 1.000000
0.000000 0.000000 1.000000 0.934265 1.000000 0.000000 -0.000000 0.000000 -0.000000 1.000000 -0.000000 3.351707 0.000000 0.000000 0.000000 1.000000
0.000000 0.000000 1.000000 0.934265 1.000000 0.000000 -0.000000 0.000000 -0.000000 1.000000 -0.000000 3.351707 0.000000 0.000000 0.000000 1.000000
0.000000 0.000000 1.000000 0.934265 1.000000 0.000000 -0.000000 0.000000 -0.000000 1.000000 -0.000000 3.351707 0.000000 0.000000 0.000000 1.000000
0.000000 0.000000 1.000000 0.934265 1.000000 0.000000 -0.000000 0.000000 -0.000000 1.000000 -0.000000 3.351707 0.000000 0.000000 0.000000 1.000000</float_array><technique_common><accessor source="#DroidControl-Matrix-animation-output-transform-array" count="16" stride="16"><param type="float4x4"/></accessor></technique_common></source><source id="DroidControl-Interpolations"><Name_array id="DroidControl-Interpolations-array" count="16">
 LINEAR LINEAR LINEAR LINEAR LINEAR LINEAR LINEAR LINEAR LINEAR LINEAR LINEAR
LINEAR LINEAR LINEAR LINEAR LINEAR</Name_array><technique_common><accessor source="#DroidControl-Interpolations-array" count="16"><param type="name"/></accessor></technique_common></source><sampler id="DroidControl-Matrix-animation-transform"><input semantic="INPUT" source="#DroidControl-Matrix-animation-input"/><input semantic="OUTPUT" source="#DroidControl-Matrix-animation-output-transform"/><input semantic="INTERPOLATION" source="#DroidControl-Interpolations"/></sampler><channel source="#DroidControl-Matrix-animation-transform" target="DroidControl/matrix"/></animation></animation>
    <animation id="Pelvis-anim" name="Pelvis"><animation><source id="Pelvis-Matrix-animation-input"><float_array id="Pelvis-Matrix-animation-input-array" count="101">

0.000000 0.033333 0.066667 0.100000 0.133333 0.166667 0.200000 0.233333 0.266667 0.300000 0.333333 0.366667 0.400000 0.433333 0.466667 0.500000
0.533333 0.566667 0.600000 0.633333 0.666667 0.700000 0.733333 0.766667 0.800000 0.833333 0.866667 0.900000 0.933333 0.966667 1.000000 1.033333
1.066667 1.100000 1.133333 1.166667 1.200000 1.233333 1.266667 1.300000 1.333333 1.366667 1.400000 1.433333 1.466667 1.500000 1.533333 1.566667
1.600000 1.633333 1.666667 1.700000 1.733333 1.766667 1.800000 1.833333 1.866667 1.900000 1.933333 1.966667 2.000000 2.033333 2.066667 2.100000
2.133333 2.166667 2.200000 2.233333 2.266667 2.300000 2.333333 2.366667 2.400000 2.433333 2.466667 2.500000 2.533333 2.566667 2.600000 2.633333
2.666667 2.700000 2.733333 2.766667 2.800000 2.833333 2.866667 2.900000 2.933333 2.966667 3.000000 3.033333 3.066667 3.100000 3.133333 3.166667
3.200000 3.233333 3.266667 3.300000 3.333333</float_array><technique_common><accessor source="#Pelvis-Matrix-animation-input-array" count="101"><param name="TIME" type="float"/></accessor></technique_common></source><source id="Pelvis-Matrix-animation-output-transform"><float_array id="Pelvis-Matrix-animation-output-transform-array" count="1616">

-0.000000 0.106957 0.994264 -0.000001 0.997441 -0.071087 0.007647 56.346100 0.071497 0.991719 -0.106684 -0.697941 0.000000 0.000000 0.000000 1.000000
0.061658 0.098684 0.993207 -1.030053 0.995543 -0.077228 -0.054130 57.460907 0.071361 0.992118 -0.103005 10.942323 0.000000 0.000000 0.000000 1.000000
0.113623 0.076502 0.990574 -1.901060 0.990981 -0.080012 -0.107490 59.949116 0.071034 0.993854 -0.084903 22.582584 0.000000 0.000000 0.000000 1.000000
0.150342 0.044385 0.987637 -2.519542 0.986104 -0.078157 -0.146596 62.532227 0.070685 0.995952 -0.055518 34.222847 0.000000 0.000000 0.000000 1.000000
0.166416 0.006029 0.986037 -2.791342 0.983532 -0.072511 -0.165550 63.932384 0.070500 0.997350 -0.017996 45.863110 0.000000 0.000000 0.000000 1.000000
0.157521 -0.033475 0.986948 -2.640847 0.984988 -0.066130 -0.159452 63.129951 0.070605 0.997249 0.022555 57.503372 0.000000 0.000000 0.000000 1.000000
0.126378 -0.067816 0.989661 -2.115555 0.989444 -0.062712 -0.130647 60.764877 0.070924 0.995725 0.059174 69.143631 0.000000 0.000000 0.000000 1.000000
0.078376 -0.093360 0.992543 -1.309841 0.994372 -0.063862 -0.084528 58.115112 0.071277 0.993582 0.087829 80.783897 0.000000 0.000000 0.000000 1.000000
0.019006 -0.106186 0.994165 -0.317322 0.997261 -0.069079 -0.026444 56.458015 0.071484 0.991944 0.104582 92.424156 0.000000 0.000000 0.000000 1.000000
-0.044082 -0.102779 0.993727 0.736210 0.996471 -0.075641 0.036380 56.928078 0.071428 0.991824 0.105750 104.064415 0.000000 0.000000 0.000000 1.000000
-0.099518 -0.084312 0.991457 1.664260 0.992489 -0.079651 0.092849 59.141762 0.071142 0.993251 0.091605 115.704681 0.000000 0.000000 0.000000 1.000000
-0.141338 -0.054744 0.988447 2.367619 0.987428 -0.079184 0.136807 61.829994 0.070780 0.995356 0.065247 127.344948 0.000000 0.000000 0.000000 1.000000
-0.164114 -0.017882 0.986279 2.752400 0.983917 -0.074453 0.162371 63.715668 0.070528 0.997064 0.029814 138.985199 0.000000 0.000000 0.000000 1.000000
-0.162735 0.022109 0.986422 2.729055 0.984145 -0.067842 0.163880 63.589504 0.070544 0.997451 -0.010718 150.625458 0.000000 0.000000 0.000000 1.000000
-0.137642 0.058355 0.988761 2.305307 0.987947 -0.063285 0.141263 61.555496 0.070817 0.996288 -0.048941 162.265717 0.000000 0.000000 0.000000 1.000000
-0.094087 0.086912 0.991763 1.573167 0.993016 -0.063032 0.099730 58.857025 0.071180 0.994220 -0.080374 173.905975 0.000000 0.000000 0.000000 1.000000
-0.037512 0.103939 0.993876 0.626440 0.996739 -0.067218 0.044649 56.771111 0.071447 0.992310 -0.101079 185.546234 0.000000 0.000000 0.000000 1.000000
0.025851 0.105528 0.994080 -0.431603 0.997107 -0.073820 -0.018093 56.551147 0.071473 0.991673 -0.107131 197.186493 0.000000 0.000000 0.000000 1.000000
0.084256 0.091123 0.992269 -1.408305 0.993894 -0.078883 -0.077149 58.378464 0.071243 0.992710 -0.097213 208.826752 0.000000 0.000000 0.000000 1.000000
0.130684 0.064435 0.989328 -2.188029 0.988887 -0.079818 -0.125427 61.059181 0.070884 0.994725 -0.074150 220.467010 0.000000 0.000000 0.000000 1.000000
0.159667 0.029361 0.986734 -2.677096 0.984645 -0.076202 -0.157061 63.316124 0.070580 0.996660 -0.041077 232.107269 0.000000 0.000000 0.000000 1.000000
0.165833 -0.010406 0.986099 -2.781439 0.983630 -0.069748 -0.166154 63.876556 0.070507 0.997511 -0.001331 243.747528 0.000000 0.000000 0.000000 1.000000
0.147248 -0.048247 0.987922 -2.467278 0.986568 -0.064248 -0.150184 62.285393 0.070718 0.996767 0.038138 255.387802 0.000000 0.000000 0.000000 1.000000
0.108606 -0.079470 0.990903 -1.816741 0.991541 -0.062608 -0.113697 59.650692 0.071074 0.994869 0.071998 267.028076 0.000000 0.000000 0.000000 1.000000
0.055312 -0.100330 0.993415 -0.923880 0.995914 -0.065592 -0.062076 57.249920 0.071388 0.992790 0.096292 278.668335 0.000000 0.000000 0.000000 1.000000
-0.007010 -0.106854 0.994250 0.117080 0.997416 -0.071835 -0.000688 56.361633 0.071496 0.991676 0.107082 290.308594 0.000000 0.000000 0.000000 1.000000
-0.067889 -0.096871 0.992979 1.134345 0.995140 -0.077734 0.060454 57.688267 0.071332 0.992257 0.101678 301.948853 0.000000 0.000000 0.000000 1.000000
-0.118458 -0.073417 0.990241 1.982398 0.990418 -0.080038 0.112546 60.248760 0.070994 0.994085 0.082194 313.589111 0.000000 0.000000 0.000000 1.000000
-0.153191 -0.040447 0.987369 2.567715 0.985668 -0.077691 0.149744 62.765110 0.070653 0.996157 0.051769 325.229370 0.000000 0.000000 0.000000 1.000000
-0.166690 -0.001618 0.986008 2.796029 0.983486 -0.071770 0.166146 63.959026 0.070497 0.997420 0.013555 336.869629 0.000000 0.000000 0.000000 1.000000
-0.155112 0.037529 0.987184 2.600188 0.985369 -0.065568 0.157320 62.925320 0.070632 0.997142 -0.026810 348.509888 0.000000 0.000000 0.000000 1.000000
-0.121871 0.071092 0.989997 2.039797 0.990006 -0.062607 0.126368 60.467285 0.070964 0.995503 -0.062752 360.150146 0.000000 0.000000 0.000000 1.000000
-0.072362 0.095446 0.992801 1.209212 0.994826 -0.064262 0.078687 57.863590 0.071310 0.993358 -0.090302 371.790405 0.000000 0.000000 0.000000 1.000000
-0.012040 0.106648 0.994224 0.201071 0.997368 -0.069809 0.019566 56.391518 0.071492 0.991843 -0.105527 383.430664 0.000000 0.000000 0.000000 1.000000
0.050661 0.101415 0.993553 -0.846106 0.996160 -0.076259 -0.043010 57.108582 0.071405 0.991917 -0.104889 395.070923 0.000000 0.000000 0.000000 1.000000
0.104873 0.081537 0.991137 -1.754056 0.991940 -0.079833 -0.098391 59.436783 0.071103 0.993468 -0.089252 406.711182 0.000000 0.000000 0.000000 1.000000
0.144866 0.050989 0.988137 -2.427045 0.986919 -0.078848 -0.140619 62.099342 0.070743 0.995582 -0.061744 418.351440 0.000000 0.000000 0.000000 1.000000
0.165224 0.013541 0.986163 -2.771092 0.983732 -0.073753 -0.163804 63.818985 0.070515 0.997185 -0.025507 429.991699 0.000000 0.000000 0.000000 1.000000
0.161048 -0.026353 0.986595 -2.700429 0.984421 -0.067183 -0.162487 63.438122 0.070564 0.997393 0.015123 441.631958 0.000000 0.000000 0.000000 1.000000
0.133666 -0.061931 0.989089 -2.238216 0.988490 -0.063026 -0.137531 61.268723 0.070856 0.996088 0.052794 453.272217 0.000000 0.000000 0.000000 1.000000
0.088413 -0.089417 0.992062 -1.477947 0.993535 -0.063292 -0.094249 58.575085 0.071217 0.993981 0.083243 464.912476 0.000000 0.000000 0.000000 1.000000
0.030748 -0.104934 0.994004 -0.513350 0.996969 -0.067882 -0.038006 56.634285 0.071463 0.992160 0.102529 476.552734 0.000000 0.000000 0.000000 1.000000
-0.032620 -0.104680 0.993971 0.544772 0.996910 -0.074512 0.024870 56.669632 0.071459 0.991711 0.106788 488.192993 0.000000 0.000000 0.000000 1.000000
-0.089993 -0.088741 0.991981 1.504558 0.993394 -0.079211 0.083035 58.651970 0.071207 0.992900 0.095283 499.833221 0.000000 0.000000 0.000000 1.000000
-0.134783 -0.060955 0.988999 2.257188 0.988339 -0.079632 0.129786 61.348476 0.070845 0.994959 0.070977 511.473450 0.000000 0.000000 0.000000 1.000000
-0.161541 -0.025189 0.986544 2.708916 0.984340 -0.075587 0.159250 63.482109 0.070558 0.996821 0.037005 523.113708 0.000000 0.000000 0.000000 1.000000
-0.164948 0.014742 0.986192 2.766566 0.983778 -0.069030 0.165576 63.793144 0.070518 0.997506 -0.003117 534.753967 0.000000 0.000000 0.000000 1.000000
-0.143917 0.052032 0.988221 2.411180 0.987057 -0.063851 0.147109 62.026215 0.070753 0.996602 -0.042169 546.394226 0.000000 0.000000 0.000000 1.000000
-0.103415 0.082315 0.991226 1.729710 0.992093 -0.062715 0.108713 59.355045 0.071114 0.994631 -0.075178 558.034485 0.000000 0.000000 0.000000 1.000000
-0.048807 0.101819 0.993605 0.815248 0.996252 -0.066162 0.055717 57.055416 0.071412 0.992600 -0.098208 569.674744 0.000000 0.000000 0.000000 1.000000
0.014021 0.106539 0.994210 -0.234005 0.997343 -0.072580 -0.006288 56.407524 0.071490 0.991656 -0.107273 581.315002 0.000000 0.000000 0.000000 1.000000
0.074046 0.094881 0.992731 -1.237253 0.994703 -0.078200 -0.066719 57.932232 0.071301 0.992412 -0.100169 592.955261 0.000000 0.000000 0.000000 1.000000
0.123143 0.070193 0.989904 -2.061040 0.989849 -0.080006 -0.117463 60.550247 0.070953 0.994320 -0.079332 604.595520 0.000000 0.000000 0.000000 1.000000
0.155807 0.036409 0.987116 -2.611794 0.985259 -0.077177 -0.152668 62.983982 0.070624 0.996352 -0.047897 616.235779 0.000000 0.000000 0.000000 1.000000
0.166645 -0.002846 0.986013 -2.795130 0.983493 -0.071017 -0.166425 63.954716 0.070497 0.997471 -0.009035 627.876038 0.000000 0.000000 0.000000 1.000000
0.152424 -0.041547 0.987442 -2.554623 0.985786 -0.065043 -0.154905 62.701992 0.070662 0.997017 0.031043 639.516296 0.000000 0.000000 0.000000 1.000000
0.117134 -0.074285 0.990334 -1.959980 0.990575 -0.062558 -0.121855 60.165577 0.071005 0.995273 0.066258 651.156555 0.000000 0.000000 0.000000 1.000000
0.066170 -0.097390 0.993044 -1.105439 0.995255 -0.064714 -0.072664 57.623650 0.071341 0.993140 0.092646 662.796814 0.000000 0.000000 0.000000 1.000000
0.005068 -0.106902 0.994257 -0.084510 0.997428 -0.070547 -0.012669 56.354324 0.071496 0.991764 0.106270 674.437073 0.000000 0.000000 0.000000 1.000000
-0.057086 -0.099891 0.993359 0.953688 0.995814 -0.076836 0.049501 57.306881 0.071381 0.992027 0.103859 686.077332 0.000000 0.000000 0.000000 1.000000
-0.110017 -0.078657 0.990812 1.840591 0.991386 -0.079957 0.103733 59.733459 0.071063 0.993690 0.086776 697.717590 0.000000 0.000000 0.000000 1.000000
-0.148132 -0.047182 0.987842 2.482337 0.986437 -0.078465 0.144173 62.355350 0.070708 0.995800 0.058165 709.357849 0.000000 0.000000 0.000000 1.000000
-0.166026 -0.009193 0.986079 2.784846 0.983598 -0.073038 0.164927 63.894989 0.070505 0.997287 0.021169 720.998108 0.000000 0.000000 0.000000 1.000000
-0.159097 0.030510 0.986791 2.667617 0.984736 -0.066559 0.160824 63.266457 0.070587 0.997316 -0.019455 732.638367 0.000000 0.000000 0.000000 1.000000
-0.129508 0.065384 0.989420 2.168376 0.989041 -0.062824 0.133610 60.977959 0.070895 0.995881 -0.056531 744.278625 0.000000 0.000000 0.000000 1.000000
-0.082590 0.091777 0.992349 1.380546 0.994033 -0.063607 0.088613 58.302216 0.071253 0.993746 -0.085976 755.918884 0.000000 0.000000 0.000000 1.000000
-0.023903 0.105737 0.994107 0.399214 0.997156 -0.068575 0.031270 56.521980 0.071477 0.992027 -0.103797 767.559143 0.000000 0.000000 0.000000 1.000000
0.039360 0.103631 0.993837 -0.657181 0.996668 -0.075183 -0.031633 56.813004 0.071442 0.991770 -0.106245 779.199402 0.000000 0.000000 0.000000 1.000000
0.095624 0.086197 0.991679 -1.598788 0.992870 -0.079488 -0.088829 58.936203 0.071170 0.993102 -0.093184 790.839661 0.000000 0.000000 0.000000 1.000000
0.138699 0.057352 0.988673 -2.322979 0.987800 -0.079389 -0.133971 61.633312 0.070806 0.995192 -0.067664 802.479919 0.000000 0.000000 0.000000 1.000000
0.163149 0.020931 0.986379 -2.735928 0.984076 -0.074933 -0.161178 63.627296 0.070539 0.996969 -0.032823 814.120178 0.000000 0.000000 0.000000 1.000000
0.163757 -0.019070 0.986316 -2.746199 0.983976 -0.068326 -0.164689 63.682842 0.070532 0.997481 0.007575 825.760437 0.000000 0.000000 0.000000 1.000000
0.140325 -0.055763 0.988534 -2.350395 0.987572 -0.063501 -0.143771 61.754128 0.070790 0.996423 0.046160 837.400696 0.000000 0.000000 0.000000 1.000000
0.098014 -0.085053 0.991544 -1.638866 0.992638 -0.062880 -0.103516 59.061523 0.071153 0.994390 0.078263 849.040955 0.000000 0.000000 0.000000 1.000000
0.042251 -0.103119 0.993771 -0.705475 0.996550 -0.066766 -0.049297 56.882111 0.071433 0.992426 0.099942 860.681213 0.000000 0.000000 0.000000 1.000000
-0.020915 -0.106023 0.994144 0.349332 0.997223 -0.073306 0.013162 56.481373 0.071482 0.991658 0.107261 872.321472 0.000000 0.000000 0.000000 1.000000
-0.080023 -0.092753 0.992468 1.337570 0.994242 -0.078614 0.072819 58.187283 0.071268 0.992581 0.098510 883.961731 0.000000 0.000000 0.000000 1.000000
-0.127594 -0.066887 0.989568 2.136176 0.989288 -0.079917 0.122156 60.847164 0.070913 0.994555 0.076367 895.601990 0.000000 0.000000 0.000000 1.000000
-0.158144 -0.032338 0.986887 2.651520 0.984889 -0.076625 0.155313 63.183723 0.070598 0.996536 0.043968 907.242249 0.000000 0.000000 0.000000 1.000000
-0.166285 0.007248 0.986051 2.789264 0.983554 -0.070276 0.166380 63.919880 0.070502 0.997501 0.004557 918.882507 0.000000 0.000000 0.000000 1.000000
-0.149507 0.045464 0.987715 2.505586 0.986230 -0.064565 0.152254 62.465134 0.070694 0.996877 -0.035185 930.522766 0.000000 0.000000 0.000000 1.000000
-0.112207 0.077362 0.990669 1.877425 0.991142 -0.062567 0.117147 59.863808 0.071046 0.995038 -0.069656 942.163025 0.000000 0.000000 0.000000 1.000000
-0.059857 0.099170 0.993269 1.000062 0.995652 -0.065212 0.066511 57.399036 0.071369 0.992931 -0.094835 953.803284 0.000000 0.000000 0.000000 1.000000
0.002008 0.106951 0.994262 -0.033379 0.997439 -0.071301 0.005655 56.347538 0.071497 0.991704 -0.106821 965.443542 0.000000 0.000000 0.000000 1.000000
0.063451 0.098182 0.993144 -1.059889 0.995431 -0.077377 -0.055947 57.524429 0.071353 0.992156 -0.102643 977.083801 0.000000 0.000000 0.000000 1.000000
0.115023 0.075632 0.990480 -1.924451 0.990821 -0.080025 -0.108952 60.034832 0.071023 0.993919 -0.084143 988.724060 0.000000 0.000000 0.000000 1.000000
0.151181 0.043267 0.987559 -2.533570 0.985976 -0.078029 -0.147520 62.600407 0.070675 0.996012 -0.054456 1000.364319 0.000000 0.000000 0.000000 1.000000
0.166527 0.004772 0.986025 -2.793060 0.983513 -0.072300 -0.165752 63.943203 0.070499 0.997371 -0.016734 1012.004578 0.000000 0.000000 0.000000 1.000000
0.156860 -0.034640 0.987013 -2.629516 0.985093 -0.065966 -0.158870 63.073452 0.070612 0.997220 0.023776 1023.644775 0.000000 0.000000 0.000000 1.000000
0.125110 -0.068762 0.989757 -2.094079 0.989604 -0.062677 -0.129445 60.680267 0.070936 0.995662 0.060206 1035.285034 0.000000 0.000000 0.000000 1.000000
0.076671 -0.093971 0.992618 -1.281146 0.994505 -0.063971 -0.082873 58.042114 0.071287 0.993518 0.088550 1046.925293 0.000000 0.000000 0.000000 1.000000
0.017038 -0.106340 0.994184 -0.284311 0.997296 -0.069284 -0.024502 56.436455 0.071487 0.991913 0.104872 1058.565552 0.000000 0.000000 0.000000 1.000000
-0.045957 -0.102408 0.993680 0.767695 0.996387 -0.075820 0.038268 56.977318 0.071422 0.991849 0.105523 1070.205811 0.000000 0.000000 0.000000 1.000000
-0.101054 -0.083538 0.991367 1.690162 0.992335 -0.079708 0.094435 59.225025 0.071131 0.993312 0.090953 1081.846069 0.000000 0.000000 0.000000 1.000000
-0.142361 -0.053688 0.988358 2.385028 0.987282 -0.079094 0.137910 61.907539 0.070769 0.995420 0.064265 1093.486328 0.000000 0.000000 0.000000 1.000000
-0.164459 -0.016656 0.986243 2.758380 0.983860 -0.074257 0.162807 63.747726 0.070524 0.997100 0.028599 1105.126587 0.000000 0.000000 0.000000 1.000000
-0.162285 0.023318 0.986468 2.721600 0.984218 -0.067652 0.163514 63.549046 0.070550 0.997436 -0.011971 1116.766846 0.000000 0.000000 0.000000 1.000000
-0.136506 0.059407 0.988856 2.286312 0.988104 -0.063204 0.140199 61.472843 0.070828 0.996231 -0.050072 1128.407104 0.000000 0.000000 0.000000 1.000000
-0.092450 0.087657 0.991851 1.545861 0.993169 -0.063102 0.098150 58.774189 0.071191 0.994150 -0.081224 1140.047363 0.000000 0.000000 0.000000 1.000000
-0.035550 0.104249 0.993916 0.593814 0.996810 -0.067408 0.042724 56.728966 0.071452 0.992264 -0.101520 1151.687622 0.000000 0.000000 0.000000 1.000000
0.027793 0.105307 0.994051 -0.463892 0.997055 -0.074020 -0.020035 56.582634 0.071470 0.991681 -0.107054 1163.327881 0.000000 0.000000 0.000000 1.000000</float_array><technique_common><accessor source="#Pelvis-Matrix-animation-output-transform-array" count="101" stride="16"><param type="float4x4"/></accessor></technique_common></source><source id="Pelvis-Interpolations"><Name_array id="Pelvis-Interpolations-array" count="101">
 LINEAR LINEAR LINEAR LINEAR LINEAR LINEAR LINEAR LINEAR LINEAR LINEAR LINEAR
LINEAR LINEAR LINEAR LINEAR LINEAR LINEAR LINEAR LINEAR LINEAR LINEAR LINEAR LINEAR
LINEAR LINEAR LINEAR LINEAR LINEAR LINEAR LINEAR LINEAR LINEAR LINEAR LINEAR LINEAR
LINEAR LINEAR LINEAR LINEAR LINEAR LINEAR LINEAR LINEAR LINEAR LINEAR LINEAR LINEAR
LINEAR LINEAR LINEAR LINEAR LINEAR LINEAR LINEAR LINEAR LINEAR LINEAR LINEAR LINEAR
LINEAR LINEAR LINEAR LINEAR LINEAR LINEAR LINEAR LINEAR LINEAR LINEAR LINEAR LINEAR
LINEAR LINEAR LINEAR LINEAR LINEAR LINEAR LINEAR LINEAR LINEAR LINEAR LINEAR LINEAR
LINEAR LINEAR LINEAR LINEAR LINEAR LINEAR LINEAR LINEAR LINEAR LINEAR LINEAR LINEAR
LINEAR LINEAR LINEAR LINEAR LINEAR LINEAR</Name_array><technique_common><accessor source="#Pelvis-Interpolations-array" count="101"><param type="name"/></accessor></technique_common></source><sampler id="Pelvis-Matrix-animation-transform"><input semantic="INPUT" source="#Pelvis-Matrix-animation-input"/><input semantic="OUTPUT" source="#Pelvis-Matrix-animation-output-transform"/><input semantic="INTERPOLATION" source="#Pelvis-Interpolations"/></sampler><channel source="#Pelvis-Matrix-animation-transform" target="Pelvis/matrix"/></animation></animation>
    <animation id="LLeg1-anim" name="LLeg1"><animation><source id="LLeg1-Matrix-animation-input"><float_array id="LLeg1-Matrix-animation-input-array" count="101">

0.000000 0.033333 0.066667 0.100000 0.133333 0.166667 0.200000 0.233333 0.266667 0.300000 0.333333 0.366667 0.400000 0.433333 0.466667 0.500000
0.533333 0.566667 0.600000 0.633333 0.666667 0.700000 0.733333 0.766667 0.800000 0.833333 0.866667 0.900000 0.933333 0.966667 1.000000 1.033333
1.066667 1.100000 1.133333 1.166667 1.200000 1.233333 1.266667 1.300000 1.333333 1.366667 1.400000 1.433333 1.466667 1.500000 1.533333 1.566667
1.600000 1.633333 1.666667 1.700000 1.733333 1.766667 1.800000 1.833333 1.866667 1.900000 1.933333 1.966667 2.000000 2.033333 2.066667 2.100000
2.133333 2.166667 2.200000 2.233333 2.266667 2.300000 2.333333 2.366667 2.400000 2.433333 2.466667 2.500000 2.533333 2.566667 2.600000 2.633333
2.666667 2.700000 2.733333 2.766667 2.800000 2.833333 2.866667 2.900000 2.933333 2.966667 3.000000 3.033333 3.066667 3.100000 3.133333 3.166667
3.200000 3.233333 3.266667 3.300000 3.333333</float_array><technique_common><accessor source="#LLeg1-Matrix-animation-input-array" count="101"><param name="TIME" type="float"/></accessor></technique_common></source><source id="LLeg1-Matrix-animation-output-transform"><float_array id="LLeg1-Matrix-animation-output-transform-array" count="1616">

-0.999126 -0.036491 -0.020400 -0.000004 -0.034094 0.993616 -0.107536 0.000000 0.024194 -0.106746 -0.993992 7.451146 0.000000 0.000000 0.000000 1.000000
-0.977285 -0.190921 -0.091998 0.000000 -0.179549 0.976503 -0.119180 0.000000 0.112590 -0.099955 -0.988601 7.451146 0.000000 0.000000 0.000000 1.000000
-0.973386 0.171407 -0.152118 0.000004 0.190457 0.974214 -0.120963 -0.000002 0.127461 -0.146716 -0.980932 7.451145 0.000000 0.000000 0.000000 1.000000
-0.828438 0.518579 -0.211578 -0.000000 0.547619 0.829229 -0.111768 -0.000006 0.117487 -0.208457 -0.970949 7.451148 0.000000 0.000000 0.000000 1.000000
-0.599316 0.757531 -0.258782 0.000000 0.795167 0.600646 -0.083268 -0.000004 0.092358 -0.255679 -0.962340 7.451146 0.000000 0.000000 0.000000 1.000000
-0.412692 0.870772 -0.267284 0.000000 0.907175 0.419328 -0.034589 0.000000 0.081961 -0.256748 -0.962997 7.451145 0.000000 0.000000 0.000000 1.000000
-0.350972 0.906747 -0.233729 0.000000 0.930688 0.365289 0.019592 0.000000 0.103144 -0.210652 -0.972104 7.451148 0.000000 0.000000 0.000000 1.000000
-0.486817 0.857042 -0.168784 0.000004 0.861603 0.502922 0.068621 -0.000000 0.143696 -0.112019 -0.983262 7.451145 0.000000 0.000000 0.000000 1.000000
-0.691253 0.717793 -0.083317 -0.000004 0.711062 0.696200 0.098471 0.000000 0.128687 0.008825 -0.991646 7.451145 0.000000 0.000000 0.000000 1.000000
-0.440777 0.897342 0.022177 -0.000008 0.894560 0.437106 0.093276 0.000000 0.074007 0.060953 -0.995393 7.451147 0.000000 0.000000 0.000000 1.000000
-0.473639 0.874153 0.107339 0.000008 0.880321 0.466235 0.087515 0.000000 0.026456 0.135943 -0.990363 7.451147 0.000000 0.000000 0.000000 1.000000
-0.584033 0.794539 0.166171 0.000000 0.810896 0.580354 0.075077 -0.000000 -0.036787 0.178595 -0.983235 7.451145 0.000000 0.000000 0.000000 1.000000
-0.701211 0.686285 0.193174 0.000000 0.705868 0.706379 0.052726 -0.000000 -0.100269 0.173327 -0.979747 7.451147 0.000000 0.000000 0.000000 1.000000
-0.788670 0.585752 0.186801 0.000000 0.598932 0.800591 0.018268 -0.000015 -0.138851 0.126289 -0.982228 7.451147 0.000000 0.000000 0.000000 1.000000
-0.859148 0.488790 0.151490 0.000000 0.491397 0.870649 -0.022325 0.000015 -0.142807 0.055261 -0.988207 7.451145 0.000000 0.000000 0.000000 1.000000
-0.925470 0.366553 0.095621 -0.000008 0.361949 0.930111 -0.062348 0.000000 -0.111792 -0.023092 -0.993463 7.451148 0.000000 0.000000 0.000000 1.000000
-0.987000 0.158640 0.025787 0.000000 0.155573 0.983289 -0.094553 0.000000 -0.040356 -0.089312 -0.995186 7.451145 0.000000 0.000000 0.000000 1.000000
-0.977040 -0.206515 -0.052375 0.000008 -0.199618 0.973252 -0.113721 0.000000 0.074460 -0.100655 -0.992131 7.451149 0.000000 0.000000 0.000000 1.000000
-0.991787 -0.053061 -0.116376 -0.000008 -0.038885 0.991907 -0.120864 0.000000 0.121848 -0.115346 -0.985824 7.451147 0.000000 0.000000 0.000000 1.000000
-0.929954 0.322439 -0.176685 0.000000 0.345378 0.930882 -0.119045 -0.000000 0.126089 -0.171730 -0.977042 7.451149 0.000000 0.000000 0.000000 1.000000
-0.740102 0.630681 -0.233432 -0.000000 0.663766 0.740820 -0.102957 -0.000015 0.107998 -0.231143 -0.966907 7.451145 0.000000 0.000000 0.000000 1.000000
-0.511690 0.816336 -0.267898 -0.000008 0.854987 0.514543 -0.065129 -0.000031 0.084678 -0.262376 -0.961243 7.451146 0.000000 0.000000 0.000000 1.000000
-0.369690 0.892556 -0.258211 0.000000 0.925082 0.379565 -0.012433 0.000015 0.086911 -0.243462 -0.966008 7.451146 0.000000 0.000000 0.000000 1.000000
-0.376231 0.902354 -0.210253 0.000000 0.918832 0.392557 0.040580 0.000000 0.119154 -0.177919 -0.976804 7.451145 0.000000 0.000000 0.000000 1.000000
-0.674856 0.724730 -0.139053 0.000008 0.720573 0.687811 0.087696 0.000092 0.159198 -0.041016 -0.986394 7.451149 0.000000 0.000000 0.000000 1.000000
-0.508158 0.860458 -0.037248 0.000008 0.855361 0.509258 0.094934 0.000000 0.100656 0.016381 -0.994786 7.451147 0.000000 0.000000 0.000000 1.000000
-0.437923 0.897043 0.059475 0.000000 0.897235 0.431942 0.091624 0.000000 0.056501 0.093487 -0.994016 7.451138 0.000000 0.000000 0.000000 1.000000
-0.514137 0.847035 0.134889 0.000000 0.857705 0.507312 0.083525 0.000000 0.002318 0.158638 -0.987334 7.451145 0.000000 0.000000 0.000000 1.000000
-0.634541 0.751366 0.181127 0.000000 0.770223 0.634191 0.067515 0.000000 -0.064141 0.182349 -0.981140 7.451145 0.000000 0.000000 0.000000 1.000000
-0.741524 0.642101 0.194546 -0.000008 0.660073 0.750131 0.040091 0.000000 -0.120193 0.158143 -0.980074 7.451149 0.000000 0.000000 0.000000 1.000000
-0.818442 0.547153 0.175433 0.000008 0.556084 0.831123 0.002112 0.000000 -0.144650 0.099284 -0.984489 7.451147 0.000000 0.000000 0.000000 1.000000
-0.886958 0.442937 0.130811 0.000000 0.441816 0.896254 -0.039078 0.000000 -0.134549 0.023134 -0.990637 7.451147 0.000000 0.000000 0.000000 1.000000
-0.953223 0.294383 0.068584 0.000000 0.289157 0.954195 -0.076809 0.000000 -0.088053 -0.053384 -0.994684 7.451147 0.000000 0.000000 0.000000 1.000000
-0.999572 0.028714 -0.005592 -0.000008 0.029140 0.994145 -0.104045 0.000031 0.002572 -0.104163 -0.994557 7.451147 0.000000 0.000000 0.000000 1.000000
-0.968592 -0.235305 -0.080379 0.000000 -0.225157 0.967144 -0.118050 -0.000000 0.105516 -0.096245 -0.989749 7.451145 0.000000 0.000000 0.000000 1.000000
-0.984733 0.102370 -0.140789 0.000000 0.119789 0.985351 -0.121384 0.000031 0.126300 -0.136395 -0.982570 7.451145 0.000000 0.000000 0.000000 1.000000
-0.863636 0.462346 -0.200917 0.000000 0.489481 0.864418 -0.114841 0.000000 0.120580 -0.197526 -0.972853 7.451147 0.000000 0.000000 0.000000 1.000000
-0.642646 0.723502 -0.252092 0.000000 0.760021 0.643578 -0.090418 -0.000061 0.096823 -0.249702 -0.963470 7.451147 0.000000 0.000000 0.000000 1.000000
-0.438904 0.857247 -0.269242 0.000000 0.894832 0.444183 -0.044461 -0.000031 0.081478 -0.260440 -0.962046 7.451147 0.000000 0.000000 0.000000 1.000000
-0.350989 0.904344 -0.242834 -0.000008 0.931314 0.364086 0.009795 0.000000 0.097271 -0.222716 -0.970018 7.451149 0.000000 0.000000 0.000000 1.000000
-0.440279 0.879118 -0.182496 0.000000 0.887462 0.456941 0.060133 -0.000031 0.136254 -0.135483 -0.981366 7.451145 0.000000 0.000000 0.000000 1.000000
-0.675190 0.730686 -0.101078 0.000000 0.724428 0.682660 0.095804 -0.000031 0.139004 -0.008538 -0.990255 7.451145 0.000000 0.000000 0.000000 1.000000
-0.452319 0.891847 0.004121 0.000000 0.888087 0.449979 0.093919 0.000031 0.081907 0.046141 -0.995571 7.451149 0.000000 0.000000 0.000000 1.000000
-0.458574 0.883755 0.093202 -0.000008 0.887898 0.451328 0.089102 -0.000061 0.036680 0.123613 -0.991652 7.451141 0.000000 0.000000 0.000000 1.000000
-0.561635 0.812256 0.157500 0.000000 0.827032 0.556692 0.078179 0.000031 -0.024178 0.174165 -0.984420 7.451149 0.000000 0.000000 0.000000 1.000000
-0.681387 0.706662 0.190634 0.000000 0.726415 0.684813 0.057903 0.000061 -0.089631 0.177934 -0.979952 7.451145 0.000000 0.000000 0.000000 1.000000
-0.775166 0.602379 0.190412 0.000000 0.617297 0.786319 0.025449 0.000000 -0.134395 0.137268 -0.981374 7.451148 0.000000 0.000000 0.000000 1.000000
-0.846947 0.507067 0.159885 0.000000 0.511592 0.859104 -0.014580 -0.000061 -0.144751 0.069447 -0.987028 7.451149 0.000000 0.000000 0.000000 1.000000
-0.913729 0.391901 0.107302 0.000000 0.388087 0.919965 -0.055253 0.000000 -0.120367 -0.008844 -0.992690 7.451149 0.000000 0.000000 0.000000 1.000000
-0.977919 0.205194 0.039612 0.000000 0.201059 0.975484 -0.089480 0.000000 -0.057002 -0.079540 -0.995201 7.451138 0.000000 0.000000 0.000000 1.000000
-0.991323 -0.125931 -0.037674 0.000000 -0.121079 0.986396 -0.111189 -0.000244 0.051164 -0.105663 -0.993085 7.451149 0.000000 0.000000 0.000000 1.000000
-0.987362 -0.118611 -0.105105 0.000000 -0.105769 0.987083 -0.120328 -0.000122 0.118020 -0.107691 -0.987154 7.451164 0.000000 0.000000 0.000000 1.000000
-0.952638 0.255205 -0.165380 -0.000000 0.276319 0.953509 -0.120283 -0.000122 0.126995 -0.160284 -0.978867 7.451149 0.000000 0.000000 0.000000 1.000000
-0.780993 0.583069 -0.223785 0.000008 0.614374 0.781651 -0.107541 0.000061 0.112219 -0.221477 -0.968687 7.451145 0.000000 0.000000 0.000000 1.000000
-0.549332 0.792521 -0.264849 0.000000 0.831013 0.551325 -0.073872 0.000061 0.087473 -0.260674 -0.961456 7.451143 0.000000 0.000000 0.000000 1.000000
-0.386324 0.883983 -0.263301 -0.000008 0.918533 0.394700 -0.022572 0.000122 0.083972 -0.250571 -0.964449 7.451148 0.000000 0.000000 0.000000 1.000000
-0.360644 0.905981 -0.221661 0.000008 0.926004 0.376229 0.031121 0.000061 0.111591 -0.194035 -0.974627 7.451153 0.000000 0.000000 0.000000 1.000000
-0.574897 0.803878 -0.152555 -0.000008 0.803704 0.589763 0.078994 -0.000061 0.153472 -0.077195 -0.985133 7.451138 0.000000 0.000000 0.000000 1.000000
-0.557835 0.827968 -0.057350 -0.000015 0.822450 0.560741 0.095634 -0.000122 0.111340 0.006181 -0.993763 7.451134 0.000000 0.000000 0.000000 1.000000
-0.435448 0.899200 0.042704 0.000008 0.897878 0.430414 0.092512 0.000061 0.064807 0.078627 -0.994795 7.451141 0.000000 0.000000 0.000000 1.000000
-0.494242 0.860609 0.122786 0.000008 0.869214 0.486976 0.085561 -0.000000 0.013841 0.149015 -0.988738 7.451157 0.000000 0.000000 0.000000 1.000000
-0.611242 0.771874 0.174910 0.000008 0.789762 0.609262 0.071248 0.000000 -0.051571 0.181687 -0.982003 7.451141 0.000000 0.000000 0.000000 1.000000
-0.723921 0.661868 0.194599 0.000000 0.680787 0.731021 0.046233 -0.000061 -0.111656 0.165949 -0.979793 7.451147 0.000000 0.000000 0.000000 1.000000
-0.805166 0.564683 0.181219 0.000000 0.575621 0.817659 0.009668 0.000000 -0.142716 0.112098 -0.983395 7.451149 0.000000 0.000000 0.000000 1.000000
-0.874494 0.464174 0.140725 0.000000 0.464661 0.884932 -0.031404 0.000000 -0.139109 0.037927 -0.989551 7.451145 0.000000 0.000000 0.000000 1.000000
-0.940634 0.329550 0.081272 0.000000 0.324403 0.943298 -0.070373 0.000000 -0.099855 -0.039830 -0.994205 7.451145 0.000000 0.000000 0.000000 1.000000
-0.995814 0.090955 0.009007 -0.000008 0.089607 0.990947 -0.099975 -0.000122 -0.018019 -0.098750 -0.994949 7.451157 0.000000 0.000000 0.000000 1.000000
-0.964025 -0.256894 -0.068272 0.000000 -0.248040 0.961732 -0.116394 0.000122 0.095561 -0.095273 -0.990854 7.451149 0.000000 0.000000 0.000000 1.000000
-0.991096 0.031043 -0.129480 0.000000 0.046910 0.991500 -0.121351 -0.000061 0.124612 -0.126345 -0.984129 7.451141 0.000000 0.000000 0.000000 1.000000
-0.896628 0.400026 -0.189832 0.000000 0.425209 0.897481 -0.117149 0.000000 0.123508 -0.185758 -0.974802 7.451153 0.000000 0.000000 0.000000 1.000000
-0.687441 0.683995 -0.244080 0.000000 0.719067 0.688177 -0.096716 0.000061 0.101817 -0.241997 -0.964920 7.451141 0.000000 0.000000 0.000000 1.000000
-0.469677 0.840658 -0.269624 0.000015 0.879006 0.473721 -0.054191 -0.000061 0.082170 -0.262453 -0.961440 7.451144 0.000000 0.000000 0.000000 1.000000
-0.356292 0.900112 -0.250706 -0.000000 0.929841 0.367961 -0.000355 0.000061 0.091930 -0.233243 -0.968063 7.451145 0.000000 0.000000 0.000000 1.000000
-0.405591 0.892845 -0.195763 -0.000000 0.904976 0.422355 0.051328 0.000000 0.128509 -0.156343 -0.979307 7.451145 0.000000 0.000000 0.000000 1.000000
-0.670122 0.732684 -0.118787 0.000000 0.727237 0.680130 0.092461 0.000000 0.148535 -0.024426 -0.988605 7.451134 0.000000 0.000000 0.000000 1.000000
-0.473057 0.880910 -0.014643 0.000000 0.876412 0.472211 0.094441 0.000061 0.090108 0.031842 -0.995423 7.451149 0.000000 0.000000 0.000000 1.000000
-0.446771 0.891232 0.078110 0.000000 0.893455 0.439963 0.090388 0.000000 0.046191 0.110170 -0.992839 7.451149 0.000000 0.000000 0.000000 1.000000
-0.539152 0.829157 0.147694 -0.000000 0.842127 0.533188 0.080828 0.000000 -0.011729 0.167955 -0.985725 7.451157 0.000000 0.000000 0.000000 1.000000
-0.660035 0.727606 0.186933 0.000008 0.747158 0.661695 0.062574 0.000061 -0.078164 0.180969 -0.980378 7.451149 0.000000 0.000000 0.000000 1.000000
-0.760246 0.620308 0.192989 0.000000 0.636782 0.770364 0.032375 0.000122 -0.128589 0.147505 -0.980667 7.451149 0.000000 0.000000 0.000000 1.000000
-0.833811 0.526009 0.167553 0.000000 0.532556 0.846367 -0.006834 0.000000 -0.145406 0.083533 -0.985840 7.451145 0.000000 0.000000 0.000000 1.000000
-0.901364 0.416553 0.118437 0.000008 0.413829 0.909093 -0.047913 -0.000122 -0.127628 0.005825 -0.991805 7.451149 0.000000 0.000000 0.000000 1.000000
-0.967096 0.248794 0.053169 -0.000008 0.243941 0.966155 -0.083881 -0.000183 -0.072239 -0.068151 -0.995056 7.451141 0.000000 0.000000 0.000000 1.000000
-0.998449 -0.050758 -0.022863 0.000008 -0.048002 0.992972 -0.108172 -0.000061 0.028193 -0.106907 -0.993869 7.451141 0.000000 0.000000 0.000000 1.000000
-0.979383 -0.178912 -0.093799 0.000008 -0.167335 0.978636 -0.119455 -0.000122 0.113167 -0.101296 -0.988399 7.451157 0.000000 0.000000 0.000000 1.000000
-0.970507 0.185457 -0.154021 0.000015 0.204812 0.971292 -0.121014 0.000061 0.127157 -0.148990 -0.980629 7.451141 0.000000 0.000000 0.000000 1.000000
-0.820966 0.529575 -0.213459 0.000000 0.558978 0.821676 -0.111322 -0.000000 0.116441 -0.210711 -0.970589 7.451145 0.000000 0.000000 0.000000 1.000000
-0.590174 0.764261 -0.259997 0.000000 0.802115 0.591514 -0.081987 -0.000061 0.091132 -0.256934 -0.962122 7.451147 0.000000 0.000000 0.000000 1.000000
-0.408367 0.872944 -0.266842 0.000015 0.909112 0.415256 -0.032813 0.000122 0.082164 -0.255989 -0.963181 7.451149 0.000000 0.000000 0.000000 1.000000
-0.352464 0.906585 -0.232103 0.000015 0.929960 0.367036 0.021420 -0.000244 0.104609 -0.208296 -0.972455 7.451153 0.000000 0.000000 0.000000 1.000000
-0.498356 0.850853 -0.166401 -0.000015 0.854707 0.514342 0.070204 0.000000 0.145320 -0.107237 -0.983556 7.451149 0.000000 0.000000 0.000000 1.000000
-0.694882 0.714637 -0.080204 0.000000 0.707852 0.699393 0.098972 -0.000000 0.126823 0.012001 -0.991853 7.451126 0.000000 0.000000 0.000000 1.000000
-0.438795 0.898232 0.025250 -0.000015 0.895636 0.434907 0.093226 -0.000122 0.072757 0.063522 -0.995325 7.451141 0.000000 0.000000 0.000000 1.000000
-0.476303 0.872413 0.109679 0.000015 0.878932 0.468883 0.087331 -0.000122 0.024762 0.137997 -0.990123 7.451149 0.000000 0.000000 0.000000 1.000000
-0.588490 0.790957 0.167530 0.000015 0.807565 0.585031 0.074676 0.000000 -0.038944 0.179238 -0.983035 7.451141 0.000000 0.000000 0.000000 1.000000
-0.704990 0.682321 0.193459 0.000015 0.701839 0.710443 0.051893 0.000000 -0.102034 0.172361 -0.979735 7.451149 0.000000 0.000000 0.000000 1.000000
-0.791612 0.582009 0.186052 0.000000 0.594866 0.803643 0.017071 -0.000244 -0.139584 0.124189 -0.982392 7.451151 0.000000 0.000000 0.000000 1.000000
-0.861884 0.484427 0.149953 0.000000 0.486696 0.873250 -0.023679 0.000000 -0.142417 0.052573 -0.988409 7.451145 0.000000 0.000000 0.000000 1.000000
-0.928098 0.360392 0.093556 0.000000 0.355672 0.932446 -0.063573 0.000000 -0.110147 -0.025727 -0.993582 7.451149 0.000000 0.000000 0.000000 1.000000
-0.988720 0.147940 0.023370 -0.000000 0.145099 0.984805 -0.095424 -0.000000 -0.037132 -0.090956 -0.995162 7.451149 0.000000 0.000000 0.000000 1.000000
-0.972971 -0.224317 -0.054843 0.000015 -0.217069 0.969453 -0.114203 0.000000 0.078785 -0.099212 -0.991943 7.451134 0.000000 0.000000 0.000000 1.000000</float_array><technique_common><accessor source="#LLeg1-Matrix-animation-output-transform-array" count="101" stride="16"><param type="float4x4"/></accessor></technique_common></source><source id="LLeg1-Interpolations"><Name_array id="LLeg1-Interpolations-array" count="101">
 LINEAR LINEAR LINEAR LINEAR LINEAR LINEAR LINEAR LINEAR LINEAR LINEAR LINEAR
LINEAR LINEAR LINEAR LINEAR LINEAR LINEAR LINEAR LINEAR LINEAR LINEAR LINEAR LINEAR
LINEAR LINEAR LINEAR LINEAR LINEAR LINEAR LINEAR LINEAR LINEAR LINEAR LINEAR LINEAR
LINEAR LINEAR LINEAR LINEAR LINEAR LINEAR LINEAR LINEAR LINEAR LINEAR LINEAR LINEAR
LINEAR LINEAR LINEAR LINEAR LINEAR LINEAR LINEAR LINEAR LINEAR LINEAR LINEAR LINEAR
LINEAR LINEAR LINEAR LINEAR LINEAR LINEAR LINEAR LINEAR LINEAR LINEAR LINEAR LINEAR
LINEAR LINEAR LINEAR LINEAR LINEAR LINEAR LINEAR LINEAR LINEAR LINEAR LINEAR LINEAR
LINEAR LINEAR LINEAR LINEAR LINEAR LINEAR LINEAR LINEAR LINEAR LINEAR LINEAR LINEAR
