<?xml version="1.0" encoding="utf-8"?>
<COLLADA xmlns="http://www.collada.org/2005/11/COLLADASchema" version="1.4.1">
  <asset><contributor><author></author><authoring_tool>FBX COLLADA exporter</authoring_tool><comments></comments></contributor><created>2015-05-01T22:32:50Z</created><keywords></keywords><modified>2015-05-01T22:32:50Z</modified><revision></revision><subject></subject><title></title><unit meter="1.000000" name="centimeter"></unit><up_axis>Y_UP</up_axis></asset>
  <library_animations>
    <animation id="DroidControl-anim" name="DroidControl"><animation><source id="DroidControl-Matrix-animation-input"><float_array id="DroidControl-Matrix-animation-input-array" count="0">
</float_array><technique_common><accessor source="#DroidControl-Matrix-animation-input-array" count="0"><param name="TIME" type="float"/></accessor></technique_common></source><source id="DroidControl-Matrix-animation-output-transform"><float_array id="DroidControl-Matrix-animation-output-transform-array" count="0">
</float_array><technique_common><accessor source="#DroidControl-Matrix-animation-output-transform-array" count="0" stride="16"><param type="float4x4"/></accessor></technique_common></source><source id="DroidControl-Interpolations"><Name_array id="DroidControl-Interpolations-array" count="0">
</Name_array><technique_common><accessor source="#DroidControl-Interpolations-array" count="0"><param type="name"/></accessor></technique_common></source><sampler id="DroidControl-Matrix-animation-transform"><input semantic="INPUT" source="#DroidControl-Matrix-animation-input"/><input semantic="OUTPUT" source="#DroidControl-Matrix-animation-output-transform"/><input semantic="INTERPOLATION" source="#DroidControl-Interpolations"/></sampler><channel source="#DroidControl-Matrix-animation-transform" target="DroidControl/matrix"/></animation></animation>
    <animation id="Pelvis-anim" name="Pelvis"><animation><source id="Pelvis-Matrix-animation-input"><float_array id="Pelvis-Matrix-animation-input-array" count="101">

0.000000 0.033333 0.066667 0.100000 0.133333 0.166667 0.200000 0.233333 0.266667 0.300000 0.333333 0.366667 0.400000 0.433333 0.466667 0.500000
0.533333 0.566667 0.600000 0.633333 0.666667 0.700000 0.733333 0.766667 0.800000 0.833333 0.866667 0.900000 0.933333 0.966667 1.000000 1.033333
1.066667 1.100000 1.133333 1.166667 1.200000 1.233333 1.266667 1.300000 1.333333 1.366667 1.400000 1.433333 1.466667 1.500000 1.533333 1.566667
1.600000 1.633333 1.666667 1.700000 1.733333 1.766667 1.800000 1.833333 1.866667 1.900000 1.933333 1.966667 2.000000 2.033333 2.066667 2.100000
2.133333 2.166667 2.200000 2.233333 2.266667 2.300000 2.333333 2.366667 2.400000 2.433333 2.466667 2.500000 2.533333 2.566667 2.600000 2.633333
2.666667 2.700000 2.733333 2.766667 2.800000 2.833333 2.866667 2.900000 2.933333 2.966667 3.000000 3.033333 3.066667 3.100000 3.133333 3.166667
3.200000 3.233333 3.266667 3.300000 3.333333</float_array><technique_common><accessor source="#Pelvis-Matrix-animation-input-array" count="101"><param name="TIME" type="float"/></accessor></technique_common></source><source id="Pelvis-Matrix-animation-output-transform"><float_array id="Pelvis-Matrix-animation-output-transform-array" count="1616">

0.000000 0.173648 0.984808 -0.000000 1.000000 -0.000000 -0.000000 71.894409 0.000000 0.984808 -0.173648 3.089423 0.000000 0.000000 0.000000 1.000000
0.043480 0.167595 0.984897 -1.573009 0.999054 -0.007294 -0.042864 72.154533 -0.000000 0.985829 -0.167754 3.089423 0.000000 0.000000 0.000000 1.000000
0.083379 0.150661 0.985063 -3.019046 0.996518 -0.012606 -0.082420 72.810066 -0.000000 0.988505 -0.151188 3.089423 0.000000 0.000000 0.000000 1.000000
0.117968 0.124712 0.985155 -4.276483 0.993018 -0.014815 -0.117034 73.674591 -0.000000 0.992083 -0.125589 3.089423 0.000000 0.000000 0.000000 1.000000
0.145571 0.091604 0.985098 -5.283593 0.989348 -0.013478 -0.144946 74.562317 -0.000000 0.995705 -0.092591 3.089423 0.000000 0.000000 0.000000 1.000000
0.164548 0.053125 0.984937 -5.978354 0.986369 -0.008862 -0.164309 75.287544 -0.000000 0.998549 -0.053859 3.089423 0.000000 0.000000 0.000000 1.000000
0.173267 0.010941 0.984814 -6.298257 0.984875 -0.001925 -0.173256 75.664047 -0.000000 0.999938 -0.011109 3.089423 0.000000 0.000000 0.000000 1.000000
0.170304 -0.032341 0.984861 -6.189513 0.985391 0.005590 -0.170213 75.531555 -0.000000 0.999461 0.032821 3.089423 0.000000 0.000000 0.000000 1.000000
0.156240 -0.072929 0.985023 -5.673910 0.987719 0.011536 -0.155813 74.956863 -0.000000 0.997270 0.073835 3.089423 0.000000 0.000000 0.000000 1.000000
0.132746 -0.108938 0.985145 -4.815196 0.991150 0.014590 -0.131942 74.127151 -0.000000 0.993942 0.109911 3.089423 0.000000 0.000000 0.000000 1.000000
0.101443 -0.138696 0.985126 -3.675192 0.994841 0.014143 -0.100453 73.227821 -0.000000 0.990234 0.139415 3.089423 0.000000 0.000000 0.000000 1.000000
0.063986 -0.160372 0.984981 -2.315750 0.997951 0.010283 -0.063154 72.444550 -0.000000 0.987003 0.160701 3.089423 0.000000 0.000000 0.000000 1.000000
0.022077 -0.172097 0.984833 -0.798522 0.999756 0.003800 -0.021747 71.963356 -0.000000 0.985073 0.172139 3.089423 0.000000 0.000000 0.000000 1.000000
-0.022077 -0.172097 0.984833 0.798523 0.999756 -0.003800 0.021748 71.963356 -0.000000 0.985072 0.172139 3.089423 0.000000 0.000000 0.000000 1.000000
-0.063986 -0.160372 0.984981 2.315750 0.997951 -0.010283 0.063155 72.444550 -0.000000 0.987003 0.160702 3.089422 0.000000 0.000000 0.000000 1.000000
-0.101443 -0.138696 0.985126 3.675192 0.994841 -0.014143 0.100453 73.227821 -0.000000 0.990234 0.139415 3.089422 0.000000 0.000000 0.000000 1.000000
-0.132746 -0.108939 0.985145 4.815196 0.991150 -0.014590 0.131942 74.127151 -0.000000 0.993942 0.109911 3.089422 0.000000 0.000000 0.000000 1.000000
-0.156240 -0.072928 0.985023 5.673909 0.987719 -0.011536 0.155813 74.956863 -0.000000 0.997271 0.073835 3.089422 0.000000 0.000000 0.000000 1.000000
-0.170293 -0.032396 0.984861 6.189092 0.985393 -0.005599 0.170201 75.531059 -0.000000 0.999460 0.032877 3.089422 0.000000 0.000000 0.000000 1.000000
-0.173266 0.010941 0.984814 6.298257 0.984875 0.001925 0.173256 75.664047 -0.000000 0.999938 -0.011109 3.089422 0.000000 0.000000 0.000000 1.000000
-0.164548 0.053125 0.984937 5.978353 0.986369 0.008862 0.164309 75.287544 -0.000000 0.998549 -0.053859 3.089422 0.000000 0.000000 0.000000 1.000000
-0.145571 0.091604 0.985098 5.283593 0.989348 0.013479 0.144946 74.562317 -0.000000 0.995705 -0.092590 3.089422 0.000000 0.000000 0.000000 1.000000
-0.117968 0.124712 0.985155 4.276484 0.993017 0.014816 0.117034 73.674591 -0.000000 0.992082 -0.125589 3.089422 0.000000 0.000000 0.000000 1.000000
-0.083379 0.150661 0.985063 3.019047 0.996518 0.012606 0.082420 72.810066 -0.000000 0.988505 -0.151188 3.089422 0.000000 0.000000 0.000000 1.000000
-0.043480 0.167595 0.984897 1.573014 0.999054 0.007294 0.042864 72.154533 -0.000000 0.985829 -0.167754 3.089423 0.000000 0.000000 0.000000 1.000000
0.000000 0.173648 0.984808 -0.000000 1.000000 -0.000000 -0.000000 71.894409 0.000000 0.984808 -0.173648 3.089423 0.000000 0.000000 0.000000 1.000000
0.043480 0.167595 0.984897 -1.573009 0.999054 -0.007294 -0.042864 72.154533 -0.000000 0.985829 -0.167754 3.089423 0.000000 0.000000 0.000000 1.000000
0.083379 0.150661 0.985063 -3.019046 0.996518 -0.012606 -0.082420 72.810066 -0.000000 0.988505 -0.151188 3.089423 0.000000 0.000000 0.000000 1.000000
0.117968 0.124712 0.985155 -4.276483 0.993018 -0.014815 -0.117034 73.674591 -0.000000 0.992083 -0.125589 3.089423 0.000000 0.000000 0.000000 1.000000
0.145571 0.091604 0.985098 -5.283593 0.989348 -0.013478 -0.144946 74.562317 -0.000000 0.995705 -0.092591 3.089423 0.000000 0.000000 0.000000 1.000000
0.164548 0.053125 0.984937 -5.978354 0.986369 -0.008862 -0.164309 75.287544 -0.000000 0.998549 -0.053859 3.089423 0.000000 0.000000 0.000000 1.000000
0.173267 0.010941 0.984814 -6.298257 0.984875 -0.001925 -0.173256 75.664047 -0.000000 0.999938 -0.011109 3.089423 0.000000 0.000000 0.000000 1.000000
0.170293 -0.032396 0.984861 -6.189093 0.985393 0.005599 -0.170201 75.531059 -0.000000 0.999459 0.032877 3.089423 0.000000 0.000000 0.000000 1.000000
0.156240 -0.072929 0.985023 -5.673910 0.987719 0.011536 -0.155813 74.956863 -0.000000 0.997270 0.073835 3.089423 0.000000 0.000000 0.000000 1.000000
0.132746 -0.108938 0.985145 -4.815196 0.991150 0.014590 -0.131942 74.127151 -0.000000 0.993942 0.109911 3.089423 0.000000 0.000000 0.000000 1.000000
0.101443 -0.138696 0.985126 -3.675192 0.994841 0.014143 -0.100453 73.227821 -0.000000 0.990234 0.139415 3.089423 0.000000 0.000000 0.000000 1.000000
0.063986 -0.160372 0.984981 -2.315750 0.997951 0.010283 -0.063154 72.444550 -0.000000 0.987003 0.160701 3.089423 0.000000 0.000000 0.000000 1.000000
0.022077 -0.172097 0.984833 -0.798522 0.999756 0.003800 -0.021747 71.963356 -0.000000 0.985073 0.172139 3.089423 0.000000 0.000000 0.000000 1.000000
-0.022077 -0.172097 0.984833 0.798523 0.999756 -0.003800 0.021748 71.963356 -0.000000 0.985072 0.172139 3.089423 0.000000 0.000000 0.000000 1.000000
-0.063986 -0.160372 0.984981 2.315750 0.997951 -0.010283 0.063155 72.444550 -0.000000 0.987003 0.160702 3.089422 0.000000 0.000000 0.000000 1.000000
-0.101443 -0.138696 0.985126 3.675192 0.994841 -0.014143 0.100453 73.227821 -0.000000 0.990234 0.139415 3.089422 0.000000 0.000000 0.000000 1.000000
-0.132746 -0.108939 0.985145 4.815196 0.991150 -0.014590 0.131942 74.127151 -0.000000 0.993942 0.109911 3.089422 0.000000 0.000000 0.000000 1.000000
-0.156240 -0.072928 0.985023 5.673909 0.987719 -0.011536 0.155813 74.956863 -0.000000 0.997271 0.073835 3.089422 0.000000 0.000000 0.000000 1.000000
-0.170293 -0.032396 0.984861 6.189092 0.985393 -0.005599 0.170201 75.531059 -0.000000 0.999460 0.032877 3.089422 0.000000 0.000000 0.000000 1.000000
-0.173266 0.010941 0.984814 6.298257 0.984875 0.001925 0.173256 75.664047 -0.000000 0.999938 -0.011109 3.089422 0.000000 0.000000 0.000000 1.000000
-0.164548 0.053125 0.984937 5.978353 0.986369 0.008862 0.164309 75.287544 -0.000000 0.998549 -0.053859 3.089422 0.000000 0.000000 0.000000 1.000000
-0.145571 0.091604 0.985098 5.283593 0.989348 0.013479 0.144946 74.562317 -0.000000 0.995705 -0.092590 3.089422 0.000000 0.000000 0.000000 1.000000
-0.117968 0.124712 0.985155 4.276484 0.993017 0.014816 0.117034 73.674591 -0.000000 0.992082 -0.125589 3.089422 0.000000 0.000000 0.000000 1.000000
-0.083379 0.150661 0.985063 3.019047 0.996518 0.012606 0.082420 72.810066 -0.000000 0.988505 -0.151188 3.089422 0.000000 0.000000 0.000000 1.000000
-0.043480 0.167595 0.984897 1.573014 0.999054 0.007294 0.042864 72.154533 -0.000000 0.985829 -0.167754 3.089423 0.000000 0.000000 0.000000 1.000000
0.000000 0.173648 0.984808 -0.000000 1.000000 -0.000000 -0.000000 71.894409 0.000000 0.984808 -0.173648 3.089423 0.000000 0.000000 0.000000 1.000000
0.043480 0.167595 0.984897 -1.573009 0.999054 -0.007294 -0.042864 72.154533 -0.000000 0.985829 -0.167754 3.089423 0.000000 0.000000 0.000000 1.000000
0.083379 0.150661 0.985063 -3.019046 0.996518 -0.012606 -0.082420 72.810066 -0.000000 0.988505 -0.151188 3.089423 0.000000 0.000000 0.000000 1.000000
0.117968 0.124712 0.985155 -4.276483 0.993018 -0.014815 -0.117034 73.674591 -0.000000 0.992083 -0.125589 3.089423 0.000000 0.000000 0.000000 1.000000
0.145571 0.091604 0.985098 -5.283593 0.989348 -0.013478 -0.144946 74.562317 -0.000000 0.995705 -0.092591 3.089423 0.000000 0.000000 0.000000 1.000000
0.164548 0.053125 0.984937 -5.978354 0.986369 -0.008862 -0.164309 75.287544 -0.000000 0.998549 -0.053859 3.089423 0.000000 0.000000 0.000000 1.000000
0.173267 0.010941 0.984814 -6.298257 0.984875 -0.001925 -0.173256 75.664047 -0.000000 0.999938 -0.011109 3.089423 0.000000 0.000000 0.000000 1.000000
0.170293 -0.032396 0.984861 -6.189093 0.985393 0.005599 -0.170201 75.531059 -0.000000 0.999459 0.032877 3.089423 0.000000 0.000000 0.000000 1.000000
0.156240 -0.072929 0.985023 -5.673910 0.987719 0.011536 -0.155813 74.956863 -0.000000 0.997270 0.073835 3.089423 0.000000 0.000000 0.000000 1.000000
0.132746 -0.108938 0.985145 -4.815196 0.991150 0.014590 -0.131942 74.127151 -0.000000 0.993942 0.109911 3.089423 0.000000 0.000000 0.000000 1.000000
0.101443 -0.138696 0.985126 -3.675192 0.994841 0.014143 -0.100453 73.227821 -0.000000 0.990234 0.139415 3.089423 0.000000 0.000000 0.000000 1.000000
0.063986 -0.160372 0.984981 -2.315750 0.997951 0.010283 -0.063154 72.444550 -0.000000 0.987003 0.160701 3.089423 0.000000 0.000000 0.000000 1.000000
0.022077 -0.172097 0.984833 -0.798522 0.999756 0.003800 -0.021747 71.963356 -0.000000 0.985073 0.172139 3.089423 0.000000 0.000000 0.000000 1.000000
-0.022077 -0.172097 0.984833 0.798523 0.999756 -0.003800 0.021748 71.963356 -0.000000 0.985072 0.172139 3.089423 0.000000 0.000000 0.000000 1.000000
-0.063986 -0.160372 0.984981 2.315750 0.997951 -0.010283 0.063155 72.444550 -0.000000 0.987003 0.160702 3.089422 0.000000 0.000000 0.000000 1.000000
-0.101443 -0.138696 0.985126 3.675192 0.994841 -0.014143 0.100453 73.227821 -0.000000 0.990234 0.139415 3.089422 0.000000 0.000000 0.000000 1.000000
-0.132746 -0.108939 0.985145 4.815196 0.991150 -0.014590 0.131942 74.127151 -0.000000 0.993942 0.109911 3.089422 0.000000 0.000000 0.000000 1.000000
-0.156240 -0.072928 0.985023 5.673909 0.987719 -0.011536 0.155813 74.956863 -0.000000 0.997271 0.073835 3.089422 0.000000 0.000000 0.000000 1.000000
-0.170293 -0.032396 0.984861 6.189092 0.985393 -0.005599 0.170201 75.531059 -0.000000 0.999460 0.032877 3.089422 0.000000 0.000000 0.000000 1.000000
-0.173266 0.010941 0.984814 6.298257 0.984875 0.001925 0.173256 75.664047 -0.000000 0.999938 -0.011109 3.089422 0.000000 0.000000 0.000000 1.000000
-0.164548 0.053125 0.984937 5.978353 0.986369 0.008862 0.164309 75.287544 -0.000000 0.998549 -0.053859 3.089422 0.000000 0.000000 0.000000 1.000000
-0.145571 0.091604 0.985098 5.283593 0.989348 0.013479 0.144946 74.562317 -0.000000 0.995705 -0.092590 3.089422 0.000000 0.000000 0.000000 1.000000
-0.117968 0.124712 0.985155 4.276484 0.993017 0.014816 0.117034 73.674591 -0.000000 0.992082 -0.125589 3.089422 0.000000 0.000000 0.000000 1.000000
-0.083379 0.150661 0.985063 3.019047 0.996518 0.012606 0.082420 72.810066 -0.000000 0.988505 -0.151188 3.089422 0.000000 0.000000 0.000000 1.000000
-0.043480 0.167595 0.984897 1.573014 0.999054 0.007294 0.042864 72.154533 -0.000000 0.985829 -0.167754 3.089423 0.000000 0.000000 0.000000 1.000000
0.000000 0.173648 0.984808 -0.000000 1.000000 -0.000000 -0.000000 71.894409 0.000000 0.984808 -0.173648 3.089423 0.000000 0.000000 0.000000 1.000000
0.043480 0.167595 0.984897 -1.573009 0.999054 -0.007294 -0.042864 72.154533 -0.000000 0.985829 -0.167754 3.089423 0.000000 0.000000 0.000000 1.000000
0.083379 0.150661 0.985063 -3.019046 0.996518 -0.012606 -0.082420 72.810066 -0.000000 0.988505 -0.151188 3.089423 0.000000 0.000000 0.000000 1.000000
0.117968 0.124712 0.985155 -4.276483 0.993018 -0.014815 -0.117034 73.674591 -0.000000 0.992083 -0.125589 3.089423 0.000000 0.000000 0.000000 1.000000
0.145571 0.091604 0.985098 -5.283593 0.989348 -0.013478 -0.144946 74.562317 -0.000000 0.995705 -0.092591 3.089423 0.000000 0.000000 0.000000 1.000000
0.164548 0.053125 0.984937 -5.978354 0.986369 -0.008862 -0.164309 75.287544 -0.000000 0.998549 -0.053859 3.089423 0.000000 0.000000 0.000000 1.000000
0.173267 0.010941 0.984814 -6.298257 0.984875 -0.001925 -0.173256 75.664047 -0.000000 0.999938 -0.011109 3.089423 0.000000 0.000000 0.000000 1.000000
0.170293 -0.032396 0.984861 -6.189093 0.985393 0.005599 -0.170201 75.531059 -0.000000 0.999459 0.032877 3.089423 0.000000 0.000000 0.000000 1.000000
0.156240 -0.072929 0.985023 -5.673910 0.987719 0.011536 -0.155813 74.956863 -0.000000 0.997270 0.073835 3.089423 0.000000 0.000000 0.000000 1.000000
0.132746 -0.108938 0.985145 -4.815196 0.991150 0.014590 -0.131942 74.127151 -0.000000 0.993942 0.109911 3.089423 0.000000 0.000000 0.000000 1.000000
0.101443 -0.138696 0.985126 -3.675192 0.994841 0.014143 -0.100453 73.227821 -0.000000 0.990234 0.139415 3.089423 0.000000 0.000000 0.000000 1.000000
0.063986 -0.160372 0.984981 -2.315750 0.997951 0.010283 -0.063154 72.444550 -0.000000 0.987003 0.160701 3.089423 0.000000 0.000000 0.000000 1.000000
0.022077 -0.172097 0.984833 -0.798522 0.999756 0.003800 -0.021747 71.963356 -0.000000 0.985073 0.172139 3.089423 0.000000 0.000000 0.000000 1.000000
-0.022077 -0.172097 0.984833 0.798523 0.999756 -0.003800 0.021748 71.963356 -0.000000 0.985072 0.172139 3.089423 0.000000 0.000000 0.000000 1.000000
-0.063986 -0.160372 0.984981 2.315750 0.997951 -0.010283 0.063155 72.444550 -0.000000 0.987003 0.160702 3.089422 0.000000 0.000000 0.000000 1.000000
-0.101443 -0.138696 0.985126 3.675192 0.994841 -0.014143 0.100453 73.227821 -0.000000 0.990234 0.139415 3.089422 0.000000 0.000000 0.000000 1.000000
-0.132746 -0.108939 0.985145 4.815196 0.991150 -0.014590 0.131942 74.127151 -0.000000 0.993942 0.109911 3.089422 0.000000 0.000000 0.000000 1.000000
-0.156240 -0.072928 0.985023 5.673909 0.987719 -0.011536 0.155813 74.956863 -0.000000 0.997271 0.073835 3.089422 0.000000 0.000000 0.000000 1.000000
-0.170293 -0.032396 0.984861 6.189092 0.985393 -0.005599 0.170201 75.531059 -0.000000 0.999460 0.032877 3.089422 0.000000 0.000000 0.000000 1.000000
-0.173266 0.010941 0.984814 6.298257 0.984875 0.001925 0.173256 75.664047 -0.000000 0.999938 -0.011109 3.089422 0.000000 0.000000 0.000000 1.000000
-0.164548 0.053125 0.984937 5.978353 0.986369 0.008862 0.164309 75.287544 -0.000000 0.998549 -0.053859 3.089422 0.000000 0.000000 0.000000 1.000000
-0.145571 0.091604 0.985098 5.283593 0.989348 0.013479 0.144946 74.562317 -0.000000 0.995705 -0.092590 3.089422 0.000000 0.000000 0.000000 1.000000
-0.117968 0.124712 0.985155 4.276484 0.993017 0.014816 0.117034 73.674591 -0.000000 0.992082 -0.125589 3.089422 0.000000 0.000000 0.000000 1.000000
-0.083379 0.150661 0.985063 3.019047 0.996518 0.012606 0.082420 72.810066 -0.000000 0.988505 -0.151188 3.089422 0.000000 0.000000 0.000000 1.000000
-0.043480 0.167595 0.984897 1.573014 0.999054 0.007294 0.042864 72.154533 -0.000000 0.985829 -0.167754 3.089423 0.000000 0.000000 0.000000 1.000000
0.000000 0.173648 0.984808 -0.000000 1.000000 -0.000000 -0.000000 71.894409 0.000000 0.984808 -0.173648 3.089423 0.000000 0.000000 0.000000 1.000000</float_array><technique_common><accessor source="#Pelvis-Matrix-animation-output-transform-array" count="101" stride="16"><param type="float4x4"/></accessor></technique_common></source><source id="Pelvis-Interpolations"><Name_array id="Pelvis-Interpolations-array" count="101">
 LINEAR LINEAR LINEAR LINEAR LINEAR LINEAR LINEAR LINEAR LINEAR LINEAR LINEAR
LINEAR LINEAR LINEAR LINEAR LINEAR LINEAR LINEAR LINEAR LINEAR LINEAR LINEAR LINEAR
LINEAR LINEAR LINEAR LINEAR LINEAR LINEAR LINEAR LINEAR LINEAR LINEAR LINEAR LINEAR
LINEAR LINEAR LINEAR LINEAR LINEAR LINEAR LINEAR LINEAR LINEAR LINEAR LINEAR LINEAR
LINEAR LINEAR LINEAR LINEAR LINEAR LINEAR LINEAR LINEAR LINEAR LINEAR LINEAR LINEAR
LINEAR LINEAR LINEAR LINEAR LINEAR LINEAR LINEAR LINEAR LINEAR LINEAR LINEAR LINEAR
LINEAR LINEAR LINEAR LINEAR LINEAR LINEAR LINEAR LINEAR LINEAR LINEAR LINEAR LINEAR
LINEAR LINEAR LINEAR LINEAR LINEAR LINEAR LINEAR LINEAR LINEAR LINEAR LINEAR LINEAR
LINEAR LINEAR LINEAR LINEAR LINEAR LINEAR</Name_array><technique_common><accessor source="#Pelvis-Interpolations-array" count="101"><param type="name"/></accessor></technique_common></source><sampler id="Pelvis-Matrix-animation-transform"><input semantic="INPUT" source="#Pelvis-Matrix-animation-input"/><input semantic="OUTPUT" source="#Pelvis-Matrix-animation-output-transform"/><input semantic="INTERPOLATION" source="#Pelvis-Interpolations"/></sampler><channel source="#Pelvis-Matrix-animation-transform" target="Pelvis/matrix"/></animation></animation>
    <animation id="LLeg1-anim" name="LLeg1"><animation><source id="LLeg1-Matrix-animation-input"><float_array id="LLeg1-Matrix-animation-input-array" count="101">

0.000000 0.033333 0.066667 0.100000 0.133333 0.166667 0.200000 0.233333 0.266667 0.300000 0.333333 0.366667 0.400000 0.433333 0.466667 0.500000
0.533333 0.566667 0.600000 0.633333 0.666667 0.700000 0.733333 0.766667 0.800000 0.833333 0.866667 0.900000 0.933333 0.966667 1.000000 1.033333
1.066667 1.100000 1.133333 1.166667 1.200000 1.233333 1.266667 1.300000 1.333333 1.366667 1.400000 1.433333 1.466667 1.500000 1.533333 1.566667
1.600000 1.633333 1.666667 1.700000 1.733333 1.766667 1.800000 1.833333 1.866667 1.900000 1.933333 1.966667 2.000000 2.033333 2.066667 2.100000
2.133333 2.166667 2.200000 2.233333 2.266667 2.300000 2.333333 2.366667 2.400000 2.433333 2.466667 2.500000 2.533333 2.566667 2.600000 2.633333
2.666667 2.700000 2.733333 2.766667 2.800000 2.833333 2.866667 2.900000 2.933333 2.966667 3.000000 3.033333 3.066667 3.100000 3.133333 3.166667
3.200000 3.233333 3.266667 3.300000 3.333333</float_array><technique_common><accessor source="#LLeg1-Matrix-animation-input-array" count="101"><param name="TIME" type="float"/></accessor></technique_common></source><source id="LLeg1-Matrix-animation-output-transform"><float_array id="LLeg1-Matrix-animation-output-transform-array" count="1616">

-0.999760 -0.020764 0.006980 0.000000 -0.021650 0.985121 -0.170493 -0.000001 -0.003336 -0.170604 -0.985334 7.451146 0.000000 0.000000 0.000000 1.000000
-0.991925 -0.100139 -0.077829 -0.000000 -0.089435 0.987394 -0.130594 -0.000000 0.089925 -0.122579 -0.988376 7.451146 0.000000 0.000000 0.000000 1.000000
-0.990291 -0.006260 -0.138870 -0.000008 0.005336 0.996537 -0.082972 -0.000001 0.138909 -0.082907 -0.986829 7.451146 0.000000 0.000000 0.000000 1.000000
-0.975956 0.111493 -0.187297 -0.000015 0.119094 0.992436 -0.029797 -0.000000 0.182558 -0.051387 -0.981852 7.451144 0.000000 0.000000 0.000000 1.000000
-0.948628 0.225533 -0.221902 0.000008 0.225620 0.973887 0.025299 -0.000000 0.221813 -0.026066 -0.974741 7.451147 0.000000 0.000000 0.000000 1.000000
-0.911868 0.332848 -0.240226 0.000000 0.323690 0.942956 0.077834 -0.000000 0.252430 -0.006784 -0.967591 7.451145 0.000000 0.000000 0.000000 1.000000
-0.871568 0.426780 -0.241304 0.000000 0.408571 0.904308 0.123676 -0.000000 0.270996 0.009202 -0.962536 7.451148 0.000000 0.000000 0.000000 1.000000
-0.844573 0.485437 -0.225934 -0.000015 0.459250 0.873694 0.160460 0.000000 0.275291 0.031760 -0.960836 7.451150 0.000000 0.000000 0.000000 1.000000
-0.831673 0.519009 -0.197356 0.000015 0.488446 0.852861 0.184519 0.000000 0.264085 0.057062 -0.962810 7.451146 0.000000 0.000000 0.000000 1.000000
-0.828560 0.536334 -0.160731 0.000008 0.505982 0.840167 0.195196 -0.000000 0.239731 0.080404 -0.967504 7.451147 0.000000 0.000000 0.000000 1.000000
-0.837770 0.532430 -0.121074 -0.000000 0.506087 0.840408 0.193883 -0.000000 0.204981 0.101155 -0.973525 7.451146 0.000000 0.000000 0.000000 1.000000
-0.866200 0.492674 -0.083485 0.000000 0.472744 0.862090 0.182522 -0.000001 0.161895 0.118634 -0.979651 7.451147 0.000000 0.000000 0.000000 1.000000
-0.931787 0.358783 -0.055203 0.000008 0.345890 0.923673 0.164888 -0.000000 0.110149 0.134546 -0.984766 7.451145 0.000000 0.000000 0.000000 1.000000
-0.960400 0.278613 -0.002615 0.000015 0.276009 0.952624 0.127769 -0.000000 0.038089 0.121988 -0.991800 7.451144 0.000000 0.000000 0.000000 1.000000
-0.974701 0.217289 0.052377 0.000008 0.220963 0.972046 0.079386 -0.000001 -0.033663 0.088951 -0.995467 7.451147 0.000000 0.000000 0.000000 1.000000
-0.984528 0.144291 0.099423 0.000000 0.147435 0.988756 0.024996 -0.000001 -0.094698 0.039267 -0.994731 7.451147 0.000000 0.000000 0.000000 1.000000
-0.982788 0.111804 0.147061 0.000000 0.108066 0.993589 -0.033189 -0.000000 -0.149829 -0.016726 -0.988570 7.451144 0.000000 0.000000 0.000000 1.000000
-0.979410 0.081066 0.184887 0.000000 0.065375 0.993844 -0.089449 -0.000001 -0.191000 -0.075520 -0.978681 7.451149 0.000000 0.000000 0.000000 1.000000
-0.976382 0.049417 0.210323 0.000015 0.019954 0.989955 -0.139964 -0.000001 -0.215127 -0.132462 -0.967561 7.451151 0.000000 0.000000 0.000000 1.000000
-0.975238 0.014112 0.220708 0.000000 -0.026815 0.983054 -0.181344 -0.000001 -0.219527 -0.182772 -0.958333 7.451145 0.000000 0.000000 0.000000 1.000000
-0.976377 -0.027063 0.214371 0.000008 -0.073073 0.975025 -0.209729 -0.000001 -0.203341 -0.220440 -0.953970 7.451145 0.000000 0.000000 0.000000 1.000000
-0.978650 -0.073681 0.191872 -0.000008 -0.117024 0.967196 -0.225469 -0.000000 -0.168965 -0.243109 -0.955170 7.451147 0.000000 0.000000 0.000000 1.000000
-0.980181 -0.124465 0.154123 0.000008 -0.158061 0.960345 -0.229682 -0.000000 -0.119424 -0.249491 -0.960985 7.451144 0.000000 0.000000 0.000000 1.000000
-0.990138 0.028045 0.137260 -0.000015 -0.002794 0.975610 -0.219491 -0.000000 -0.140068 -0.217710 -0.965910 7.451149 0.000000 0.000000 0.000000 1.000000
-0.996011 0.035513 0.081852 0.000000 0.018411 0.979435 -0.200916 -0.000000 -0.087304 -0.198607 -0.976183 7.451144 0.000000 0.000000 0.000000 1.000000
-0.999760 -0.020764 0.006980 0.000000 -0.021650 0.985121 -0.170493 -0.000001 -0.003336 -0.170604 -0.985334 7.451146 0.000000 0.000000 0.000000 1.000000
-0.991925 -0.100139 -0.077829 -0.000000 -0.089435 0.987394 -0.130594 -0.000000 0.089925 -0.122579 -0.988376 7.451146 0.000000 0.000000 0.000000 1.000000
-0.990291 -0.006260 -0.138870 -0.000008 0.005336 0.996537 -0.082972 -0.000001 0.138909 -0.082907 -0.986829 7.451146 0.000000 0.000000 0.000000 1.000000
-0.975956 0.111493 -0.187297 -0.000015 0.119094 0.992436 -0.029797 -0.000000 0.182558 -0.051387 -0.981852 7.451144 0.000000 0.000000 0.000000 1.000000
-0.948628 0.225533 -0.221902 0.000008 0.225620 0.973887 0.025299 -0.000000 0.221813 -0.026066 -0.974741 7.451147 0.000000 0.000000 0.000000 1.000000
-0.911868 0.332848 -0.240226 0.000000 0.323690 0.942956 0.077834 -0.000000 0.252430 -0.006784 -0.967591 7.451145 0.000000 0.000000 0.000000 1.000000
-0.871568 0.426780 -0.241304 0.000000 0.408571 0.904308 0.123676 -0.000000 0.270996 0.009202 -0.962536 7.451148 0.000000 0.000000 0.000000 1.000000
-0.844572 0.485449 -0.225916 0.000008 0.459248 0.873686 0.160513 -0.000000 0.275300 0.031814 -0.960832 7.451144 0.000000 0.000000 0.000000 1.000000
-0.831673 0.519009 -0.197356 0.000015 0.488446 0.852861 0.184519 0.000000 0.264085 0.057062 -0.962810 7.451146 0.000000 0.000000 0.000000 1.000000
-0.828560 0.536334 -0.160731 0.000008 0.505982 0.840167 0.195196 -0.000000 0.239731 0.080404 -0.967504 7.451147 0.000000 0.000000 0.000000 1.000000
-0.837770 0.532430 -0.121074 -0.000000 0.506087 0.840408 0.193883 -0.000000 0.204981 0.101155 -0.973525 7.451146 0.000000 0.000000 0.000000 1.000000
-0.866200 0.492674 -0.083485 0.000000 0.472744 0.862090 0.182522 -0.000001 0.161895 0.118634 -0.979651 7.451147 0.000000 0.000000 0.000000 1.000000
-0.931787 0.358783 -0.055203 0.000008 0.345890 0.923673 0.164888 -0.000000 0.110149 0.134546 -0.984766 7.451145 0.000000 0.000000 0.000000 1.000000
-0.960400 0.278613 -0.002615 0.000015 0.276009 0.952624 0.127769 -0.000000 0.038089 0.121988 -0.991800 7.451144 0.000000 0.000000 0.000000 1.000000
-0.974701 0.217289 0.052377 0.000008 0.220963 0.972046 0.079386 -0.000001 -0.033663 0.088951 -0.995467 7.451147 0.000000 0.000000 0.000000 1.000000
-0.984528 0.144291 0.099423 0.000000 0.147435 0.988756 0.024996 -0.000001 -0.094698 0.039267 -0.994731 7.451147 0.000000 0.000000 0.000000 1.000000
-0.982788 0.111804 0.147061 0.000000 0.108066 0.993589 -0.033189 -0.000000 -0.149829 -0.016726 -0.988570 7.451144 0.000000 0.000000 0.000000 1.000000
-0.979410 0.081066 0.184887 0.000000 0.065375 0.993844 -0.089449 -0.000001 -0.191000 -0.075520 -0.978681 7.451149 0.000000 0.000000 0.000000 1.000000
-0.976382 0.049417 0.210323 0.000015 0.019954 0.989955 -0.139964 -0.000001 -0.215127 -0.132462 -0.967561 7.451151 0.000000 0.000000 0.000000 1.000000
-0.975238 0.014112 0.220708 0.000000 -0.026815 0.983054 -0.181344 -0.000001 -0.219527 -0.182772 -0.958333 7.451145 0.000000 0.000000 0.000000 1.000000
-0.976377 -0.027063 0.214371 0.000008 -0.073073 0.975025 -0.209729 -0.000001 -0.203341 -0.220440 -0.953970 7.451145 0.000000 0.000000 0.000000 1.000000
-0.978650 -0.073681 0.191872 -0.000008 -0.117024 0.967196 -0.225469 -0.000000 -0.168965 -0.243109 -0.955170 7.451147 0.000000 0.000000 0.000000 1.000000
-0.980181 -0.124465 0.154123 0.000008 -0.158061 0.960345 -0.229682 -0.000000 -0.119424 -0.249491 -0.960985 7.451144 0.000000 0.000000 0.000000 1.000000
-0.990138 0.028045 0.137260 -0.000015 -0.002794 0.975610 -0.219491 -0.000000 -0.140068 -0.217710 -0.965910 7.451149 0.000000 0.000000 0.000000 1.000000
-0.996011 0.035513 0.081852 0.000000 0.018411 0.979435 -0.200916 -0.000000 -0.087304 -0.198607 -0.976183 7.451144 0.000000 0.000000 0.000000 1.000000
-0.999760 -0.020764 0.006980 0.000000 -0.021650 0.985121 -0.170493 -0.000001 -0.003336 -0.170604 -0.985334 7.451146 0.000000 0.000000 0.000000 1.000000
-0.991925 -0.100139 -0.077829 -0.000000 -0.089435 0.987394 -0.130594 -0.000000 0.089925 -0.122579 -0.988376 7.451146 0.000000 0.000000 0.000000 1.000000
-0.990291 -0.006260 -0.138870 -0.000008 0.005336 0.996537 -0.082972 -0.000001 0.138909 -0.082907 -0.986829 7.451146 0.000000 0.000000 0.000000 1.000000
-0.975956 0.111493 -0.187297 -0.000015 0.119094 0.992436 -0.029797 -0.000000 0.182558 -0.051387 -0.981852 7.451144 0.000000 0.000000 0.000000 1.000000
-0.948628 0.225533 -0.221902 0.000008 0.225620 0.973887 0.025299 -0.000000 0.221813 -0.026066 -0.974741 7.451147 0.000000 0.000000 0.000000 1.000000
-0.911868 0.332848 -0.240226 0.000000 0.323690 0.942956 0.077834 -0.000000 0.252430 -0.006784 -0.967591 7.451145 0.000000 0.000000 0.000000 1.000000
-0.871568 0.426780 -0.241304 0.000000 0.408571 0.904308 0.123676 -0.000000 0.270996 0.009202 -0.962536 7.451148 0.000000 0.000000 0.000000 1.000000
-0.844572 0.485449 -0.225916 0.000008 0.459248 0.873686 0.160513 -0.000000 0.275300 0.031814 -0.960832 7.451144 0.000000 0.000000 0.000000 1.000000
-0.831673 0.519009 -0.197356 0.000015 0.488446 0.852861 0.184519 0.000000 0.264085 0.057062 -0.962810 7.451146 0.000000 0.000000 0.000000 1.000000
-0.828560 0.536334 -0.160731 0.000008 0.505982 0.840167 0.195196 -0.000000 0.239731 0.080404 -0.967504 7.451147 0.000000 0.000000 0.000000 1.000000
-0.837770 0.532430 -0.121074 -0.000000 0.506087 0.840408 0.193883 -0.000000 0.204981 0.101155 -0.973525 7.451146 0.000000 0.000000 0.000000 1.000000
-0.866200 0.492674 -0.083485 0.000000 0.472744 0.862090 0.182522 -0.000001 0.161895 0.118634 -0.979651 7.451147 0.000000 0.000000 0.000000 1.000000
-0.931787 0.358783 -0.055203 0.000008 0.345890 0.923673 0.164888 -0.000000 0.110149 0.134546 -0.984766 7.451145 0.000000 0.000000 0.000000 1.000000
-0.960400 0.278613 -0.002615 0.000015 0.276009 0.952624 0.127769 -0.000000 0.038089 0.121988 -0.991800 7.451144 0.000000 0.000000 0.000000 1.000000
-0.974701 0.217289 0.052377 0.000008 0.220963 0.972046 0.079386 -0.000001 -0.033663 0.088951 -0.995467 7.451147 0.000000 0.000000 0.000000 1.000000
-0.984528 0.144291 0.099423 0.000000 0.147435 0.988756 0.024996 -0.000001 -0.094698 0.039267 -0.994731 7.451147 0.000000 0.000000 0.000000 1.000000
-0.982788 0.111804 0.147061 0.000000 0.108066 0.993589 -0.033189 -0.000000 -0.149829 -0.016726 -0.988570 7.451144 0.000000 0.000000 0.000000 1.000000
-0.979410 0.081066 0.184887 0.000000 0.065375 0.993844 -0.089449 -0.000001 -0.191000 -0.075520 -0.978681 7.451149 0.000000 0.000000 0.000000 1.000000
-0.976382 0.049417 0.210323 0.000015 0.019954 0.989955 -0.139964 -0.000001 -0.215127 -0.132462 -0.967561 7.451151 0.000000 0.000000 0.000000 1.000000
-0.975238 0.014112 0.220708 0.000000 -0.026815 0.983054 -0.181344 -0.000001 -0.219527 -0.182772 -0.958333 7.451145 0.000000 0.000000 0.000000 1.000000
-0.976377 -0.027063 0.214371 0.000008 -0.073073 0.975025 -0.209729 -0.000001 -0.203341 -0.220440 -0.953970 7.451145 0.000000 0.000000 0.000000 1.000000
-0.978650 -0.073681 0.191872 -0.000008 -0.117024 0.967196 -0.225469 -0.000000 -0.168965 -0.243109 -0.955170 7.451147 0.000000 0.000000 0.000000 1.000000
-0.980181 -0.124465 0.154123 0.000008 -0.158061 0.960345 -0.229682 -0.000000 -0.119424 -0.249491 -0.960985 7.451144 0.000000 0.000000 0.000000 1.000000
-0.990138 0.028045 0.137260 -0.000015 -0.002794 0.975610 -0.219491 -0.000000 -0.140068 -0.217710 -0.965910 7.451149 0.000000 0.000000 0.000000 1.000000
-0.996011 0.035513 0.081852 0.000000 0.018411 0.979435 -0.200916 -0.000000 -0.087304 -0.198607 -0.976183 7.451144 0.000000 0.000000 0.000000 1.000000
-0.999760 -0.020764 0.006980 0.000000 -0.021650 0.985121 -0.170493 -0.000001 -0.003336 -0.170604 -0.985334 7.451146 0.000000 0.000000 0.000000 1.000000
-0.991925 -0.100139 -0.077829 -0.000000 -0.089435 0.987394 -0.130594 -0.000000 0.089925 -0.122579 -0.988376 7.451146 0.000000 0.000000 0.000000 1.000000
-0.990291 -0.006260 -0.138870 -0.000008 0.005336 0.996537 -0.082972 -0.000001 0.138909 -0.082907 -0.986829 7.451146 0.000000 0.000000 0.000000 1.000000
-0.975956 0.111493 -0.187297 -0.000015 0.119094 0.992436 -0.029797 -0.000000 0.182558 -0.051387 -0.981852 7.451144 0.000000 0.000000 0.000000 1.000000
-0.948628 0.225533 -0.221902 0.000008 0.225620 0.973887 0.025299 -0.000000 0.221813 -0.026066 -0.974741 7.451147 0.000000 0.000000 0.000000 1.000000
-0.911868 0.332848 -0.240226 0.000000 0.323690 0.942956 0.077834 -0.000000 0.252430 -0.006784 -0.967591 7.451145 0.000000 0.000000 0.000000 1.000000
-0.871568 0.426780 -0.241304 0.000000 0.408571 0.904308 0.123676 -0.000000 0.270996 0.009202 -0.962536 7.451148 0.000000 0.000000 0.000000 1.000000
-0.844572 0.485449 -0.225916 0.000008 0.459248 0.873686 0.160513 -0.000000 0.275300 0.031814 -0.960832 7.451144 0.000000 0.000000 0.000000 1.000000
-0.831673 0.519009 -0.197356 0.000015 0.488446 0.852861 0.184519 0.000000 0.264085 0.057062 -0.962810 7.451146 0.000000 0.000000 0.000000 1.000000
-0.828560 0.536334 -0.160731 0.000008 0.505982 0.840167 0.195196 -0.000000 0.239731 0.080404 -0.967504 7.451147 0.000000 0.000000 0.000000 1.000000
-0.837770 0.532430 -0.121074 -0.000000 0.506087 0.840408 0.193883 -0.000000 0.204981 0.101155 -0.973525 7.451146 0.000000 0.000000 0.000000 1.000000
-0.866200 0.492674 -0.083485 0.000000 0.472744 0.862090 0.182522 -0.000001 0.161895 0.118634 -0.979651 7.451147 0.000000 0.000000 0.000000 1.000000
-0.931787 0.358783 -0.055203 0.000008 0.345890 0.923673 0.164888 -0.000000 0.110149 0.134546 -0.984766 7.451145 0.000000 0.000000 0.000000 1.000000
-0.960400 0.278613 -0.002615 0.000015 0.276009 0.952624 0.127769 -0.000000 0.038089 0.121988 -0.991800 7.451144 0.000000 0.000000 0.000000 1.000000
-0.974701 0.217289 0.052377 0.000008 0.220963 0.972046 0.079386 -0.000001 -0.033663 0.088951 -0.995467 7.451147 0.000000 0.000000 0.000000 1.000000
-0.984528 0.144291 0.099423 0.000000 0.147435 0.988756 0.024996 -0.000001 -0.094698 0.039267 -0.994731 7.451147 0.000000 0.000000 0.000000 1.000000
-0.982788 0.111804 0.147061 0.000000 0.108066 0.993589 -0.033189 -0.000000 -0.149829 -0.016726 -0.988570 7.451144 0.000000 0.000000 0.000000 1.000000
-0.979410 0.081066 0.184887 0.000000 0.065375 0.993844 -0.089449 -0.000001 -0.191000 -0.075520 -0.978681 7.451149 0.000000 0.000000 0.000000 1.000000
-0.976382 0.049417 0.210323 0.000015 0.019954 0.989955 -0.139964 -0.000001 -0.215127 -0.132462 -0.967561 7.451151 0.000000 0.000000 0.000000 1.000000
-0.975238 0.014112 0.220708 0.000000 -0.026815 0.983054 -0.181344 -0.000001 -0.219527 -0.182772 -0.958333 7.451145 0.000000 0.000000 0.000000 1.000000
-0.976377 -0.027063 0.214371 0.000008 -0.073073 0.975025 -0.209729 -0.000001 -0.203341 -0.220440 -0.953970 7.451145 0.000000 0.000000 0.000000 1.000000
-0.978650 -0.073681 0.191872 -0.000008 -0.117024 0.967196 -0.225469 -0.000000 -0.168965 -0.243109 -0.955170 7.451147 0.000000 0.000000 0.000000 1.000000
-0.980181 -0.124465 0.154123 0.000008 -0.158061 0.960345 -0.229682 -0.000000 -0.119424 -0.249491 -0.960985 7.451144 0.000000 0.000000 0.000000 1.000000
-0.990138 0.028045 0.137260 -0.000015 -0.002794 0.975610 -0.219491 -0.000000 -0.140068 -0.217710 -0.965910 7.451149 0.000000 0.000000 0.000000 1.000000
-0.996011 0.035513 0.081852 0.000000 0.018411 0.979435 -0.200916 -0.000000 -0.087304 -0.198607 -0.976183 7.451144 0.000000 0.000000 0.000000 1.000000
-0.999760 -0.020764 0.006980 0.000000 -0.021650 0.985121 -0.170493 -0.000001 -0.003336 -0.170604 -0.985334 7.451146 0.000000 0.000000 0.000000 1.000000</float_array><technique_common><accessor source="#LLeg1-Matrix-animation-output-transform-array" count="101" stride="16"><param type="float4x4"/></accessor></technique_common></source><source id="LLeg1-Interpolations"><Name_array id="LLeg1-Interpolations-array" count="101">
 LINEAR LINEAR LINEAR LINEAR LINEAR LINEAR LINEAR LINEAR LINEAR LINEAR LINEAR
LINEAR LINEAR LINEAR LINEAR LINEAR LINEAR LINEAR LINEAR LINEAR LINEAR LINEAR LINEAR
LINEAR LINEAR LINEAR LINEAR LINEAR LINEAR LINEAR LINEAR LINEAR LINEAR LINEAR LINEAR
LINEAR LINEAR LINEAR LINEAR LINEAR LINEAR LINEAR LINEAR LINEAR LINEAR LINEAR LINEAR
LINEAR LINEAR LINEAR LINEAR LINEAR LINEAR LINEAR LINEAR LINEAR LINEAR LINEAR LINEAR
LINEAR LINEAR LINEAR LINEAR LINEAR LINEAR LINEAR LINEAR LINEAR LINEAR LINEAR LINEAR
LINEAR LINEAR LINEAR LINEAR LINEAR LINEAR LINEAR LINEAR LINEAR LINEAR LINEAR LINEAR
LINEAR LINEAR LINEAR LINEAR LINEAR LINEAR LINEAR LINEAR LINEAR LINEAR LINEAR LINEAR
LINEAR LINEAR LINEAR LINEAR LINEAR LINEAR</Name_array><technique_common><accessor source="#LLeg1-Interpolations-array" count="101"><param type="name"/></accessor></technique_common></source><sampler id="LLeg1-Matrix-animation-transform"><input semantic="INPUT" source="#LLeg1-Matrix-animation-input"/><input semantic="OUTPUT" source="#LLeg1-Matrix-animation-output-transform"/><input semantic="INTERPOLATION" source="#LLeg1-Interpolations"/></sampler><channel source="#LLeg1-Matrix-animation-transform" target="LLeg1/matrix"/></animation></animation>
    <animation id="LLeg2-anim" name="LLeg2"><animation><source id="LLeg2-Matrix-animation-input"><float_array id="LLeg2-Matrix-animation-input-array" count="101">

0.000000 0.033333 0.066667 0.100000 0.133333 0.166667 0.200000 0.233333 0.266667 0.300000 0.333333 0.366667 0.400000 0.433333 0.466667 0.500000
0.533333 0.566667 0.600000 0.633333 0.666667 0.700000 0.733333 0.766667 0.800000 0.833333 0.866667 0.900000 0.933333 0.966667 1.000000 1.033333
1.066667 1.100000 1.133333 1.166667 1.200000 1.233333 1.266667 1.300000 1.333333 1.366667 1.400000 1.433333 1.466667 1.500000 1.533333 1.566667
1.600000 1.633333 1.666667 1.700000 1.733333 1.766667 1.800000 1.833333 1.866667 1.900000 1.933333 1.966667 2.000000 2.033333 2.066667 2.100000
2.133333 2.166667 2.200000 2.233333 2.266667 2.300000 2.333333 2.366667 2.400000 2.433333 2.466667 2.500000 2.533333 2.566667 2.600000 2.633333
2.666667 2.700000 2.733333 2.766667 2.800000 2.833333 2.866667 2.900000 2.933333 2.966667 3.000000 3.033333 3.066667 3.100000 3.133333 3.166667
3.200000 3.233333 3.266667 3.300000 3.333333</float_array><technique_common><accessor source="#LLeg2-Matrix-animation-input-array" count="101"><param name="TIME" type="float"/></accessor></technique_common></source><source id="LLeg2-Matrix-animation-output-transform"><float_array id="LLeg2-Matrix-animation-output-transform-array" count="1616">

0.795876 0.602864 -0.056008 30.975605 -0.592674 0.756819 -0.275613 -0.000036 -0.123769 0.252548 0.959636 -0.000004 0.000000 0.000000 0.000000 1.000000
0.839245 0.541673 -0.047528 30.975597 -0.531762 0.799340 -0.279792 -0.000035 -0.113564 0.260087 0.958884 -0.000005 0.000000 0.000000 0.000000 1.000000
0.788079 0.612874 -0.057592 30.975601 -0.602688 0.749156 -0.274832 -0.000036 -0.125292 0.251299 0.959766 -0.000004 0.000000 0.000000 0.000000 1.000000
0.734791 0.675078 -0.065964 30.975601 -0.664522 0.696964 -0.269539 -0.000036 -0.135985 0.241890 0.960728 -0.000003 0.000000 0.000000 0.000000 1.000000
0.693057 0.717354 -0.071243 30.975601 -0.706428 0.656146 -0.265393 -0.000036 -0.143634 0.234261 0.961505 -0.000004 0.000000 0.000000 0.000000 1.000000
